-1.51494
-1.51494
-1.54043
-1.54043
-1.54043
-1.54043
-1.56045
-1.56045
-1.56045
-1.60377
-1.60377
-1.60377
-1.60377
-1.62562
-1.64854
-1.64854
-1.64854
-1.64854
-1.67419
-1.67419
-1.67419
-1.7029
-1.7029
-1.7029
-1.7029
-1.76097
-1.76097
-1.76097
-1.76097
-1.77905
-1.78769
-1.78769
-1.78769
-1.78717
-1.78717
-1.78717
-1.78717
-1.77879
-1.77879
-1.77879
-1.76291
-1.76291
-1.76291
-1.76291
-1.722
-1.722
-1.722
-1.69563
-1.69563
-1.67114
-1.67114
-1.67114
-1.65143
-1.65143
-1.65143
-1.65143
-1.63417
-1.63417
-1.63417
-1.63417
-1.59612
-1.59612
-1.59612
-1.57279
-1.57279
-1.55114
-1.55114
-1.55114
-1.53285
-1.53285
-1.53285
-1.53285
-1.51737
-1.51737
-1.51737
-1.50621
-1.50621
-1.50621
-1.50621
-1.49915
-1.49915
-1.49915
-1.50502
-1.51809
-1.51809
-1.51809
-1.51809
-1.53635
-1.53635
-1.53635
-1.55824
-1.55824
-1.55824
-1.55824
-1.61199
-1.61199
-1.61199
-1.61199
-1.63889
-1.66245
-1.66245
-1.66245
-1.66245
-1.68193
-1.68193
-1.68193
-1.68193
-1.69724
-1.69724
-1.69724
-1.7096
-1.7096
-1.7096
-1.7096
-1.71562
-1.71562
-1.71562
-1.71562
-1.69135
-1.69135
-1.69135
-1.69135
-1.66867
-1.66867
-1.66867
-1.63927
-1.63927
-1.63927
-1.63927
-1.56409
-1.56409
-1.56409
-1.52103
-1.52103
-1.47835
-1.47835
-1.47835
-1.47835
-1.44169
-1.44169
-1.44169
-1.41034
-1.41034
-1.41034
-1.41034
-1.36428
-1.36428
-1.36428
-1.36428
-1.34512
-1.32627
-1.32627
-1.32627
-1.32627
-1.3074
-1.3074
-1.3074
-1.28732
-1.28732
-1.28732
-1.28732
-1.24344
-1.24344
-1.24344
-1.24344
-1.22085
-1.19696
-1.19696
-1.19696
-1.1734
-1.1734
-1.1734
-1.1734
-1.14876
-1.14876
-1.14876
-1.14876
-1.1216
-1.1216
-1.1216
-1.1216
-1.06942
-1.06942
-1.06942
-1.04166
-1.01184
-1.01184
-1.01184
-0.976348
-0.976348
-0.976348
-0.976348
-0.931981
-0.931981
-0.931981
-0.883673
-0.883673
-0.883673
-0.883673
-0.777453
-0.777453
-0.777453
-0.724198
-0.670748
-0.670748
-0.670748
-0.670748
-0.615392
-0.615392
-0.615392
-0.615392
-0.561447
-0.561447
-0.561447
-0.452923
-0.452923
-0.452923
-0.452923
-0.399946
-0.346897
-0.346897
-0.346897
-0.346897
-0.292042
-0.292042
-0.292042
-0.238698
-0.238698
-0.238698
-0.238698
-0.18529
-0.18529
-0.18529
-0.18529
-0.0870173
