0.26
0.26
0.26
0.26
0.26
0.26
0.26
0.26
0.26
0.26
0.26
0.26
0.26
0.26
0.26
0.26
0.26
0.26
0.26
0.26
0.26
0.26
0.26
0.26
0.26
0.26
0.26
0.26
0.26
0.26
0.26
0.26
0.26
0.26
0.26
0.26
0.26
0.26
0.26
0.26
0.26
0.26
0.26
0.26
0.26
0.26
0.26
0.26
0.26
0.26
0.26
0.26
0.26
0.26
0.26
0.26
0.26
0.26
0.26
0.26
0.26
0.26
0.26
0.26
0.26
0.26
0.26
0.26
0.26
0.26
0.26
0.26
0.26
0.26
0.26
0.26
0.26
0.26
0.26
0.26
0.26
0.26
0.26
0.26
0.26
0.26
0.26
0.26
0.26
0.26
0.26
0.26
0.26
0.26
0.26
0.26
0.26
0.26
0.26
0.26
0.26
0.26
0.26
0.26
0.26
0.26
0.26
0.26
0.26
0.26
0.26
0.26
0.26
0.26
0.26
0.26
0.26
0.26
0.26
0.26
0.26
0.26
0.26
0.26
0.26
0.26
0.26
0.26
0.26
0.26
0.26
0.26
0.26
0.26
0.26
0.26
0.26
0.26
0.26
0.26
0.26
0.26
0.26
0.26
0.26
0.26
0.26
0.26
0.26
0.26
0.26
0.26
0.26
0.26
0.26
0.26
0.26
0.26
0.26
0.26
0.26
0.26
0.26
0.26
0.26
0.26
0.26
0.26
0.26
0.26
0.26
0.26
0.26
0.26
0.26
0.26
0.26
0.26
0.26
0.26
0.26
0.26
0.26
0.26
0.26
0.26
0.26
0.26
0.26
0.26
0.26
0.26
0.26
0.26
0.26
0.26
0.26
0.26
0.26
0.26
0.26
0.26
0.26
0.26
0.26
0.26
0.26
0.26
0.26
0.26
0.26
0.26
0.26
0.26
0.26
0.26
0.26
0.26
0.26
0.26
0.26
0.26
0.26
0.26
0.26
0.26
0.26
0.26
0.26
0.26
0.26
0.26
0.26
0.26
0.26
0.26
0.26
0.26
0.26
0.26
0.26
0.26
0.26
0.26
0.254407
0.26
0.26
0.25277
0.259065
0.245852
0.252087
0.258322
0.26
0.251564
0.257748
0.26
0.250447
0.25659
0.26
0.26
0.236017
0.242116
0.248215
0.254313
0.239975
0.226374
0.232493
0.238612
0.22547
0.231625
0.237779
0.243934
0.230973
0.237177
0.243381
0.2319
0.23816
0.244419
0.250679
0.223192
0.229573
0.235953
0.225513
0.214498
0.220975
0.227452
0.233929
0.221774
0.228272
0.234769
0.241267
0.229009
0.235506
0.242003
0.229228
0.235704
0.24218
0.208203
0.214573
0.220944
0.227314
0.212993
0.197789
0.197839
0.20405
0.21026
0.195695
0.201826
0.207958
0.21409
0.199441
0.205503
0.211564
0.175011
0.180964
0.186917
0.192871
0.178156
0.163657
0.169576
0.175495
0.181414
0.168634
0.174571
0.180507
0.169
0.174976
0.180953
0.186929
0.161612
0.167718
0.173824
0.17993
0.172346
0.164901
0.171164
0.177428
0.183691
0.177658
0.183996
0.190334
0.185606
0.192011
0.198416
0.193701
0.200158
0.206615
0.213071
0.196062
0.202562
0.209062
0.215562
0.208076
0.199345
0.205813
0.212281
0.20258
0.209004
0.215428
0.221853
0.211382
0.21774
0.224098
0.213537
0.219817
0.226098
0.232379
0.202164
0.208291
0.214419
0.220546
0.188698
0.194708
0.200718
0.206729
0.193388
0.199363
0.205338
0.211312
0.199228
0.20519
0.211152
0.200061
0.206034
0.212006
0.217979
0.192622
0.198679
0.204737
0.210794
0.188934
0.195121
0.201307
0.194529
0.200787
0.207045
0.213303
0.206595
0.212927
0.219259
0.225591
0.218008
0.224411
0.230794
0.20023
0.206716
0.213202
0.219687
0.208408
0.197191
0.203685
0.210179
0.198709
0.205179
0.211648
0.218118
0.205698
0.212127
0.218556
0.224985
0.194546
0.200883
0.207219
0.194764
0.201059
0.189278
0.195541
0.201804
0.190003
0.196245
0.202487
0.208729
0.196019
0.202248
0.208477
0.195869
0.202095
0.208321
0.214548
0.182751
0.189
0.195249
0.183673
0.172801
0.179099
0.185397
0.191695
0.180856
0.187191
0.193526
0.199862
0.189761
0.19614
0.202519
0.192336
0.198761
0.205185
0.21161
0.184802
0.191292
0.197782
0.188256
0.178655
0.185146
0.191637
0.198128
0.189447
0.195911
0.202375
0.20884
0.199738
0.206156
0.212574
0.188188
0.194479
0.20077
0.20706
0.198937
0.190825
0.19698
0.203135
0.195494
0.201587
0.20768
0.213773
0.205809
0.211845
0.217882
0.209154
0.21514
0.221126
0.227112
0.2047
0.210635
0.216571
0.208405
0.214347
0.207012
0.212985
0.218959
0.21209
0.218117
0.224143
0.23017
0.223431
0.223496
0.229595
0.223806
0.229982
0.236158
0.242334
0.225231
0.23156
0.237888
0.231347
0.223217
0.229665
0.236113
0.242562
0.232752
0.239236
0.245721
0.235321
0.24182
0.24832
0.254819
0.24348
0.249974
0.256468
0.225342
0.231766
0.23819
0.244614
0.233144
0.221704
0.228021
0.234338
0.223747
0.230013
0.236279
0.242546
0.232239
0.238462
0.244686
0.234156
0.240348
0.246539
0.25273
0.226396
0.232561
0.238727
0.244892
0.233678
0.22253
0.228719
0.234909
0.223541
0.229762
0.235983
0.242204
0.230318
0.23658
0.242843
0.231628
0.237937
0.244245
0.250554
0.222074
0.228473
0.234873
0.223822
0.212508
0.218982
0.225456
0.23193
0.219852
0.226348
0.232843
0.221176
0.227675
0.234175
0.240674
0.228882
0.235368
0.241854
0.248339
0.216787
0.223188
0.22959
0.235991
0.203869
0.210128
0.216388
0.204298
0.210482
0.216667
0.222852
0.21105
0.217164
0.223277
0.229391
0.199785
0.205783
0.211781
0.217779
0.205898
0.189546
0.193543
0.197414
0.201158
0.187126
0.190706
0.194154
0.180466
0.1837
0.186849
0.189848
0.162101
0.165134
0.167995
0.170782
0.160678
0.151992
0.154884
0.157669
0.151085
0.153789
0.156348
0.158806
0.154316
0.156717
0.159118
0.161316
0.15848
0.160896
0.163102
0.15922
0.161808
0.164103
0.163911
0.166464
0.166318
0.168803
0.171186
0.171516
0.173715
0.175912
0.177861
0.178675
0.180684
0.181377
0.18177
0.189119
0.196707
0.20422
0.207611
0.214619
0.221548
0.22859
0.227779
0.234149
0.240437
0.246673
0.246838
0.252864
0.258691
0.26
0.26
0.26
0.26
0.258673
0.26
0.26
0.26
0.26
0.252388
0.255354
0.25818
0.26
0.247737
0.250004
0.251839
0.237028
0.238495
0.239671
0.241173
0.223772
0.224502
0.225217
0.190115
0.189747
0.189226
0.188656
0.172681
0.158173
0.161549
0.156776
0.144727
0.143032
0.141201
0.139353
0.12944
0.127376
0.125507
0.122983
0.115644
0.113715
0.110916
0.107684
0.105228
0.103063
0.100455
0.101916
0.105496
0.103332
0.101422
0.107861
0.105707
0.103656
0.101372
0.1114
0.109166
0.107066
0.10471
0.129491
0.128057
0.126039
0.138662
0.136972
0.148198
0.146989
0.145268
0.154639
0.153399
0.151538
0.160988
0.1591
0.157452
0.155851
0.164736
0.170644
0.163363
0.170806
0.198975
0.207148
0.215594
0.231731
0.246361
0.255032
0.26
0.26
0.26
0.26
0.26
0.26
0.26
0.26
0.26
0.26
0.26
0.26
0.26
0.26
0.26
0.26
0.26
0.26
0.26
0.26
0.26
0.26
0.26
0.26
0.26
0.26
0.26
0.26
0.26
0.26
0.26
0.26
0.26
0.26
0.26
0.26
0.26
0.26
0.26
0.26
0.26
0.26
0.26
0.26
0.26
0.26
0.26
0.26
0.26
0.26
0.26
0.26
0.26
0.26
0.26
0.26
0.26
0.26
0.26
0.26
0.26
0.26
0.26
0.26
0.26
0.26
0.26
0.26
0.26
0.26
0.26
0.26
0.26
0.26
0.26
0.26
0.26
0.26
0.26
0.26
0.26
0.26
0.26
0.26
0.26
0.26
0.26
0.26
0.26
0.26
0.26
0.26
0.26
0.26
0.26
0.26
0.26
0.26
0.26
0.26
0.26
0.26
0.26
0.26
0.26
0.26
0.26
0.26
0.26
0.26
0.26
0.26
0.26
0.26
0.26
0.26
0.26
0.26
0.26
0.26
0.26
0.26
0.26
0.26
0.26
0.26
0.26
0.26
0.26
0.26
0.26
0.26
0.26
0.26
0.26
0.26
0.26
0.26
0.26
0.26
0.26
0.26
0.26
0.26
0.26
0.26
0.26
0.26
0.26
0.26
0.26
0.26
0.26
0.26
0.26
0.26
0.26
0.26
0.26
0.26
0.26
0.26
0.26
0.26
0.26
0.26
0.26
0.26
0.26
0.26
0.26
0.26
0.26
0.26
0.26
0.26
0.26
0.26
0.26
0.26
0.26
0.26
0.26
0.26
0.26
0.26
0.26
0.26
0.26
0.26
0.26
0.26
0.26
0.26
0.26
0.26
0.26
0.26
0.26
0.26
0.259032
0.26
0.26
0.246346
0.247247
0.248014
0.248702
0.216024
0.215886
0.215795
0.200468
0.199749
0.186607
0.185812
0.184928
0.173184
0.172235
0.170869
0.16973
0.159229
0.157846
0.156384
0.149081
0.141148
0.139711
0.138138
0.132739
0.127344
0.124824
0.127746
0.130668
0.13235
0.135448
0.138545
0.141643
0.144251
0.147537
0.150823
0.155198
0.158684
0.162171
0.165657
0.176282
0.180227
0.184173
0.191591
0.196186
0.200545
0.204903
0.209262
0.213054
0.217599
0.222145
0.227059
0.231803
0.236548
0.241292
0.247949
0.252912
0.257874
0.26
0.26
0.26
0.26
0.26
0.26
0.26
0.26
0.26
0.26
0.26
0.26
0.26
0.26
0.26
0.26
0.26
0.26
0.26
0.26
0.26
0.26
0.26
0.26
0.26
0.26
0.26
0.26
0.26
0.26
0.26
0.26
0.26
0.26
0.26
0.26
0.26
0.26
0.26
0.26
0.26
0.26
0.26
0.26
0.26
0.26
0.26
0.26
0.26
0.26
0.26
0.26
0.26
0.26
0.26
0.26
0.26
0.26
0.26
0.26
0.26
0.26
0.26
0.26
0.26
0.26
0.26
0.26
0.26
0.26
0.26
0.26
0.26
0.26
0.26
0.26
0.26
0.26
0.26
0.26
0.26
0.26
0.26
0.26
0.26
0.26
0.26
0.26
0.26
0.26
0.26
0.26
0.26
0.26
0.26
0.26
0.26
0.26
0.26
0.26
0.26
0.26
0.26
0.26
0.26
0.26
0.26
0.26
0.26
0.26
0.26
0.26
0.242368
0.242524
0.243905
0.251674
0.238756
0.246655
0.254567
0.243306
0.25123
0.259174
0.26
0.245376
0.253261
0.26
0.256912
0.26
0.26
0.26
0.26
0.26
0.26
0.26
0.26
0.26
0.26
0.26
0.26
0.26
0.26
0.26
0.26
0.26
0.26
0.26
0.26
0.26
0.26
0.26
0.26
0.26
0.26
0.26
0.26
0.26
0.26
0.256214
0.26
0.26
0.226733
0.231584
0.236435
0.241286
0.229016
0.218147
0.222888
0.227628
0.232369
0.223762
0.22851
0.233258
0.226447
0.23124
0.236034
0.240827
0.235567
0.240439
0.245311
0.250183
0.240236
0.245329
0.250422
0.249832
0.249231
0.254641
0.26
0.26
0.26
0.26
0.26
0.26
0.26
0.26
0.26
0.26
0.26
0.26
0.26
0.26
0.26
0.26
0.26
0.26
0.26
0.26
0.26
0.26
0.26
0.26
0.26
0.26
0.26
0.26
0.26
0.26
0.26
0.26
0.258339
0.26
0.26
0.26
0.26
0.26
0.26
0.26
0.26
0.26
0.26
0.26
0.26
0.26
0.26
0.253101
0.259375
0.26
0.2523
0.238969
0.24519
0.251411
0.257632
0.245499
0.251702
0.257906
0.246455
0.252654
0.258854
0.26
0.253772
0.259984
0.26
0.240002
0.246287
0.252572
0.258857
0.249083
0.240395
0.246788
0.253181
0.245144
0.245156
0.251595
0.258033
0.248912
0.255387
0.26
0.251875
0.258371
0.26
0.26
0.240176
0.246656
0.253137
0.239359
0.225293
0.231675
0.238058
0.24444
0.229511
0.235815
0.24212
0.227972
0.234194
0.240416
0.246638
0.23286
0.239005
0.24515
0.251295
0.220122
0.22616
0.232198
0.221836
0.212217
0.218239
0.224261
0.230282
0.222267
0.228314
0.23436
0.227362
0.233452
0.239542
0.245633
0.239254
0.245405
0.251556
0.235233
0.241521
0.247809
0.254097
0.248771
0.242948
0.249353
0.255759
0.248217
0.254667
0.26
0.26
0.257612
0.26
0.26
0.26
0.24596
0.252456
0.258951
0.244317
0.250788
0.236149
0.242582
0.249015
0.234622
0.241009
0.247396
0.253783
0.239344
0.245686
0.252028
0.239166
0.245473
0.25178
0.258087
0.229119
0.235393
0.241667
0.232607
0.224888
0.231169
0.237451
0.243733
0.236729
0.243029
0.249329
0.24352
0.249848
0.256176
0.26
0.257232
0.26
0.26
0.251384
0.251394
0.257842
0.26
0.256234
0.246584
0.25308
0.259575
0.26
0.25624
0.26
0.26
0.258267
0.26
0.26
0.26
0.244314
0.250734
0.257154
0.26
0.250091
0.236348
0.242679
0.249011
0.236018
0.242311
0.248605
0.254899
0.241906
0.248165
0.254425
0.240826
0.247052
0.253278
0.259504
0.228298
0.234468
0.240638
0.228364
0.234518
0.223313
0.229467
0.235621
0.224885
0.231057
0.23723
0.243402
0.232598
0.238808
0.245018
0.235052
0.241312
0.247572
0.253832
0.228371
0.234744
0.241116
0.232351
0.223898
0.230361
0.236824
0.243287
0.234097
0.240588
0.247078
0.236936
0.243436
0.249936
0.256436
0.245093
0.251582
0.258071
0.26
0.232883
0.239288
0.245694
0.232169
0.21763
0.223886
0.230142
0.216968
0.223148
0.229327
0.235506
0.222849
0.228961
0.235073
0.241184
0.228355
0.234411
0.240467
0.210775
0.216769
0.222763
0.228757
0.216335
0.204087
0.210082
0.216077
0.20366
0.209677
0.215619
0.215694
0.20281
0.208866
0.214921
0.202907
0.209012
0.215116
0.221221
0.192145
0.198369
0.204593
0.19397
0.183328
0.189681
0.196033
0.202386
0.191565
0.197976
0.204386
0.194231
0.200686
0.207141
0.213597
0.20354
0.210025
0.216511
0.189246
0.195741
0.202235
0.20873
0.198072
0.186843
0.19327
0.199698
0.206125
0.19529
0.201657
0.208024
0.197277
0.203569
0.209861
0.216154
0.188458
0.194569
0.200681
0.206793
0.196195
0.185253
0.191161
0.19707
0.202978
0.19289
0.198704
0.204519
0.195193
0.200929
0.206666
0.212402
0.203696
0.209378
0.21506
0.197003
0.202676
0.208348
0.214021
0.209747
0.206696
0.212499
0.218302
0.215899
0.221801
0.227702
0.233603
0.231687
0.2377
0.243713
0.242144
0.24826
0.254375
0.26
0.248035
0.254328
0.26
0.25498
0.246874
0.253298
0.259721
0.26
0.255902
0.26
0.26
0.257677
0.26
0.26
0.26
0.26
0.26
0.26
0.243941
0.250392
0.256833
0.256843
0.242045
0.226237
0.232564
0.23889
0.223544
0.229798
0.236053
0.242308
0.226304
0.232488
0.238672
0.221649
0.227766
0.233882
0.239999
0.202959
0.208989
0.215019
0.200636
0.206653
0.194263
0.20029
0.206317
0.212344
0.201419
0.207474
0.213529
0.203503
0.209599
0.215695
0.221792
0.213266
0.219413
0.225559
0.202846
0.209126
0.215406
0.221686
0.198403
0.204819
0.211236
0.217653
0.208475
0.21494
0.221405
0.212167
0.218659
0.225151
0.231643
0.22193
0.22843
0.23493
0.206359
0.212816
0.219273
0.225729
0.213451
0.199818
0.206154
0.21249
0.198588
0.20485
0.211111
0.217373
0.202629
0.208815
0.215001
0.221186
0.205406
0.211519
0.217632
0.183298
0.189314
0.195331
0.201347
0.188425
0.177543
0.183541
0.18954
0.180087
0.186099
0.192112
0.198125
0.189503
0.195543
0.201584
0.194249
0.200331
0.206413
0.212496
0.192433
0.198642
0.204851
0.197927
0.190776
0.197137
0.203498
0.209859
0.202641
0.209052
0.208334
0.213895
0.206745
0.212397
0.217975
0.196901
0.202884
0.208486
0.214335
0.20645
0.198236
0.204055
0.210007
0.215668
0.20749
0.21311
0.218841
0.224347
0.217401
0.222819
0.2284
0.22181
0.227143
0.232568
0.212765
0.218239
0.223449
0.228597
0.221582
0.21493
0.220026
0.225147
0.230071
0.224426
0.229473
0.23414
0.228704
0.2335
0.237921
0.242182
0.237277
0.241516
0.245759
0.232633
0.237156
0.236962
0.241201
0.236907
0.233448
0.237544
0.241546
0.238317
0.242177
0.245948
0.249522
0.246282
0.249895
0.253362
0.25047
0.253882
0.25714
0.26
0.251178
0.254514
0.257713
0.254929
0.252229
0.255372
0.258523
0.26
0.258933
0.26
0.26
0.26
0.26
0.26
0.26
0.26
0.26
0.26
0.26
0.26
0.26
0.26
0.26
0.26
0.26
0.26
0.26
0.26
0.26
0.26
0.26
0.26
0.26
0.26
0.26
0.26
0.26
0.26
0.26
0.26
0.26
0.256416
0.244164
0.246689
0.249221
0.235903
0.238395
0.240895
0.243396
0.229338
0.231801
0.234272
0.221274
0.223715
0.226164
0.228674
0.202992
0.205413
0.207843
0.21014
0.18983
0.192264
0.194698
0.197
0.1899
0.192344
0.194659
0.197095
0.191813
0.194275
0.19661
0.192883
0.195421
0.197645
0.192153
0.194698
0.197244
0.199684
0.200133
0.201505
0.204021
0.206615
0.209216
0.211605
0.214153
0.216768
0.21939
0.222564
0.225195
0.227832
0.232591
0.235098
0.237739
0.240915
0.243533
0.246076
0.248701
0.251326
0.252914
0.25551
0.258113
0.26
0.26
0.26
0.26
0.26
0.26
0.26
0.26
0.26
0.26
0.26
0.26
0.26
0.25963
0.26
0.26
0.255823
0.258046
0.26
0.249997
0.252143
0.254402
0.256541
0.245813
0.247936
0.250009
0.226633
0.230259
0.225869
0.225003
0.211886
0.199166
0.197755
0.196104
0.194207
0.181032
0.178565
0.176553
0.17421
0.161005
0.158163
0.155346
0.152474
0.130323
0.127188
0.123566
0.113136
0.103333
0.099828
0.0963125
0.0926147
0.0842589
0.080357
0.0767207
0.0693648
0.0654219
0.0614364
0.0572844
0.0509708
0.0468124
0.042326
0.0347692
0.0304711
0.0262662
0.0216727
0.0158876
0.0101659
0.00552876
0.000881005
-0.00369019
-0.00959096
-0.0144088
-0.0112351
-0.0194826
-0.0149516
-0.0105257
-0.00586318
-0.000587065
0.00395792
0.00864391
0.0215497
0.0265215
0.0311537
0.0359459
0.0501789
0.0674014
0.0724151
0.0772803
0.0820315
0.103675
0.108692
0.113251
0.139733
0.144412
0.14935
0.154114
0.204656
0.209117
0.213736
0.240181
0.244472
0.26
0.26
0.26
0.26
0.26
0.26
0.26
0.26
0.26
0.26
0.26
0.26
0.26
0.26
0.26
0.26
0.26
0.26
0.26
0.26
0.26
0.26
0.26
0.26
0.26
0.26
0.26
0.26
0.26
0.26
0.26
0.26
0.26
0.26
0.26
0.26
0.26
0.26
0.26
0.26
0.26
0.26
0.26
0.26
0.26
0.26
0.26
0.26
0.26
0.26
0.26
0.26
0.26
0.26
0.26
0.26
0.26
0.26
0.26
0.26
0.26
0.253962
0.255575
0.256976
0.218318
0.219937
0.221556
0.222964
0.207358
0.193836
0.195098
0.19677
0.198455
0.187897
0.189428
0.19115
0.192885
0.184947
0.186733
0.188532
0.190331
0.181348
0.183301
0.185266
0.185696
0.188604
0.190748
0.193004
0.196776
0.198993
0.201221
0.203286
0.208007
0.210311
0.212614
0.217831
0.220197
0.222571
0.224804
0.23354
0.236031
0.238522
0.240893
0.246359
0.251205
0.253719
0.256163
0.26
0.26
0.26
0.26
0.26
0.26
0.26
0.26
0.26
0.26
0.26
0.26
0.26
0.26
0.26
0.26
0.26
0.26
0.26
0.26
0.26
0.26
0.26
0.26
0.26
0.26
0.26
0.26
0.26
0.26
0.259081
0.243298
0.241298
0.239389
0.237308
0.21841
0.215616
0.212898
0.193231
0.190214
0.186547
0.183338
0.163205
0.159545
0.15562
0.124063
0.119814
0.115656
0.110944
0.0969585
0.0849852
0.0802804
0.0755451
0.0708907
0.0614052
0.0645974
0.0566107
0.0586897
0.0634044
0.0674632
0.0724969
0.0769079
0.081618
0.0862892
0.0945331
0.0993151
0.103945
0.108854
0.116615
0.124242
0.129317
0.134186
0.142359
0.147278
0.152133
0.157092
0.166993
0.17194
0.176711
0.18814
0.192781
0.197552
0.202165
0.224928
0.229314
0.233494
0.248564
0.26
0.26
0.26
0.26
0.26
0.26
0.26
0.26
0.26
0.26
0.26
0.26
0.26
0.26
0.26
0.26
0.26
0.26
0.26
0.26
0.26
0.26
0.26
0.26
0.26
0.26
0.26
0.26
0.26
0.26
0.26
0.26
0.26
0.26
0.26
0.26
0.26
0.26
0.26
0.26
0.26
0.26
0.26
0.26
0.252757
0.254694
0.256642
0.2584
0.238187
0.240069
0.24195
0.243637
0.199884
0.201643
0.2032
0.183798
0.18551
0.168085
0.169341
0.171008
0.155243
0.1567
0.158352
0.145872
0.147545
0.14901
0.15067
0.141008
0.142505
0.144195
0.131406
0.133229
0.134853
0.136663
0.136291
0.136085
0.137861
0.139843
0.140483
0.142356
0.144398
0.146451
0.148324
0.152298
0.154428
0.156559
0.169712
0.171994
0.174285
0.176421
0.183994
0.189876
0.192359
0.19449
0.196896
0.203363
0.205705
0.208164
0.215994
0.21851
0.220912
0.223419
0.231879
0.234336
0.236886
0.239444
0.250296
0.252832
0.25544
0.26
0.26
0.26
0.26
0.26
0.26
0.26
0.26
0.26
0.26
0.26
0.26
0.26
0.26
0.26
0.26
0.26
0.26
0.26
0.26
0.26
0.26
0.26
0.26
0.26
0.26
0.26
0.26
0.26
0.26
0.26
0.26
0.26
0.26
0.26
0.26
0.26
0.26
0.26
0.26
0.26
0.26
0.26
0.26
0.26
0.26
0.26
0.26
0.26
0.259489
0.26
0.26
0.2331
0.234771
0.236451
0.238385
0.225215
0.213891
0.215555
0.217391
0.20718
0.208849
0.210689
0.212348
0.202832
0.204513
0.206362
0.198136
0.199836
0.201704
0.203395
0.188157
0.189928
0.191934
0.193542
0.183695
0.185725
0.1876
0.189483
0.187113
0.1892
0.19114
0.189557
0.191697
0.193697
0.195705
0.194961
0.197152
0.199211
0.201277
0.201077
0.203129
0.205313
0.207862
0.211437
0.213727
0.216024
0.218409
0.222911
0.225262
0.227613
0.23313
0.235527
0.23793
0.2404
0.247025
0.249778
0.249479
0.26
0.26
0.26
0.26
0.26
0.26
0.26
0.26
0.26
0.26
0.26
0.26
0.26
0.26
0.26
0.26
0.26
0.26
0.26
0.26
0.26
0.26
0.26
0.26
0.26
0.26
0.26
0.26
0.26
0.26
0.26
0.26
0.26
0.26
0.26
0.26
0.26
0.26
0.26
0.26
0.26
0.26
0.26
0.26
0.26
0.26
0.26
0.26
0.26
0.26
0.252867
0.25488
0.256904
0.258744
0.221873
0.223585
0.225496
0.210467
0.197412
0.199281
0.200956
0.202814
0.192657
0.194537
0.196223
0.18863
0.190541
0.192259
0.194157
0.184303
0.18632
0.188153
0.190287
0.189592
0.191295
0.193438
0.195591
0.197744
0.201631
0.203849
0.206077
0.210557
0.212849
0.215151
0.217452
0.222356
0.224719
0.22709
0.235075
0.237607
0.239955
0.242442
0.24766
0.252393
0.254965
0.25744
0.26
0.26
0.26
0.26
0.26
0.26
0.26
0.26
0.26
0.26
0.26
0.26
0.26
0.26
0.26
0.26
0.26
0.26
0.26
0.26
0.26
0.26
0.26
0.26
0.26
0.26
0.26
0.26
0.26
0.26
0.234563
0.232554
0.230482
0.213723
0.196713
0.193686
0.190865
0.187679
0.17133
0.167761
0.1642
0.148859
0.144657
0.141159
0.136958
0.122491
0.118187
0.114157
0.105186
0.10246
0.102466
0.102363
0.102657
0.10514
0.105597
0.106093
0.11059
0.111259
0.111891
0.112428
0.120504
0.121376
0.122181
0.12302
0.146988
0.148301
0.149643
0.166679
0.168214
0.18495
0.186827
0.188677
0.190554
0.206524
0.208648
0.210742
0.2264
0.228696
0.231146
0.233484
0.26
0.26
0.26
0.26
0.26
0.26
0.26
0.26
0.26
0.26
0.26
0.26
0.26
0.26
0.26
0.26
0.26
0.26
0.26
0.26
0.26
0.26
0.26
0.26
0.26
0.26
0.26
0.26
0.26
0.26
0.26
0.26
0.26
0.26
0.26
0.26
0.26
0.26
0.26
0.26
0.26
0.26
0.26
0.26
0.26
0.26
0.26
0.26
0.26
0.26
0.26
0.26
0.26
0.26
0.26
0.26
0.26
0.26
0.26
0.26
0.26
0.26
0.26
0.26
0.26
0.26
0.26
0.26
0.26
0.26
0.26
0.26
0.26
0.26
0.26
0.26
0.26
0.26
0.26
0.26
0.26
0.26
0.26
0.26
0.26
0.26
0.26
0.26
0.26
0.26
0.26
0.26
0.26
0.26
0.26
0.26
0.26
0.26
0.26
0.26
0.26
0.26
0.26
0.26
0.26
0.26
0.26
0.26
0.26
0.26
0.26
0.26
0.26
0.26
0.26
0.26
0.26
0.26
0.26
0.26
0.26
0.26
0.26
0.26
0.26
0.239455
0.245096
0.250633
0.256268
0.243552
0.232234
0.237981
0.243619
0.249147
0.240339
0.246166
0.251962
0.245059
0.250758
0.256582
0.26
0.256976
0.26
0.26
0.26
0.258387
0.26
0.26
0.26
0.255349
0.26
0.26
0.26
0.26
0.26
0.26
0.26
0.26
0.26
0.26
0.26
0.26
0.26
0.26
0.26
0.26
0.26
0.254098
0.26
0.26
0.26
0.259681
0.26
0.26
0.25862
0.26
0.26
0.26
0.26
0.26
0.26
0.238282
0.243932
0.249806
0.25567
0.240079
0.223605
0.229332
0.235032
0.219879
0.225559
0.231037
0.236723
0.222449
0.228111
0.233577
0.220095
0.225774
0.231452
0.237125
0.20963
0.215387
0.22115
0.211016
0.216644
0.206892
0.212826
0.218726
0.224432
0.214667
0.220695
0.22674
0.217152
0.22309
0.229223
0.235208
0.206069
0.211779
0.217328
0.205829
0.211551
0.20053
0.206354
0.212086
0.201793
0.207651
0.213399
0.219095
0.208936
0.214744
0.220464
0.211046
0.216667
0.222382
0.228005
0.202839
0.208672
0.21456
0.220196
0.194099
0.199953
0.205549
0.211303
0.20066
0.206409
0.211942
0.202101
0.207498
0.212892
0.218099
0.208782
0.213898
0.218839
0.198555
0.203673
0.208687
0.213557
0.206427
0.19889
0.20391
0.208495
0.197173
0.202324
0.207368
0.212302
0.20491
0.20946
0.213959
0.218219
0.195216
0.198684
0.202045
0.205554
0.194463
0.182047
0.184436
0.186736
0.189092
0.175472
0.177266
0.178806
0.180429
0.166379
0.167353
0.168319
0.14037
0.14091
0.141229
0.141832
0.128983
0.116778
0.11693
0.116553
0.116349
0.10454
0.104162
0.103587
0.0919764
0.0912751
0.0904314
0.0895491
0.0684841
0.0675169
0.0664124
0.0652978
0.0605367
0.0510706
0.0543395
0.0576526
0.0610878
0.055663
0.0590217
0.0624063
0.0574488
0.0610079
0.0644689
0.0678987
0.0634469
0.0671084
0.0707526
0.0741406
0.0661979
0.0699393
0.073801
0.0740975
0.0763851
0.080495
0.0845082
0.0895623
0.0935698
0.0978658
0.102044
0.110252
0.114538
0.118908
0.13016
0.134738
0.139427
0.143822
0.158379
0.163404
0.168337
0.173195
0.177121
0.182429
0.187709
0.192901
0.198274
0.203613
0.20906
0.214393
0.221874
0.227445
0.232939
0.244599
0.250425
0.25613
0.26
0.26
0.26
0.26
0.26
0.26
0.26
0.26
0.26
0.26
0.26
0.26
0.26
0.26
0.26
0.26
0.26
0.26
0.26
0.26
0.26
0.26
0.26
0.26
0.26
0.26
0.26
0.26
0.26
0.26
0.26
0.26
0.26
0.26
0.26
0.26
0.26
0.26
0.26
0.26
0.26
0.26
0.26
0.26
0.26
0.26
0.26
0.26
0.26
0.26
0.26
0.26
0.26
0.26
0.26
0.26
0.26
0.26
0.26
0.26
0.26
0.26
0.26
0.26
0.26
0.26
0.26
0.256935
0.256231
0.255561
0.254939
0.242449
0.232021
0.231003
0.229774
0.221107
0.219813
0.218594
0.217155
0.210064
0.208455
0.207002
0.205332
0.198316
0.196845
0.195166
0.193502
0.191976
0.191674
0.190145
0.18884
0.189735
0.188192
0.186795
0.182554
0.187917
0.186524
0.184931
0.185568
0.184146
0.182697
0.180957
0.182781
0.181369
0.179893
0.178314
0.17823
0.176991
0.175592
0.174008
0.173042
0.171346
0.169637
0.167898
0.166852
0.165119
0.163007
0.160893
0.161109
0.159243
0.1572
0.15655
0.156134
0.154067
0.151865
0.149546
0.149511
0.147047
0.144526
0.141972
0.142502
0.139573
0.136724
0.142377
0.139653
0.13692
0.133808
0.136345
0.139111
0.136395
0.135958
0.132992
0.136394
0.133372
0.130086
0.13405
0.130712
0.12711
0.123473
0.128313
0.12463
0.120659
0.116698
0.133447
0.129724
0.125754
0.133638
0.142326
0.138612
0.134857
0.143949
0.140179
0.136255
0.132225
0.14208
0.138122
0.133963
0.144772
0.140877
0.136693
0.132474
0.159754
0.155884
0.151876
0.165298
0.161555
0.174859
0.171185
0.167463
0.181696
0.177967
0.174258
0.17047
0.186764
0.181352
0.178846
0.199782
0.200438
0.201167
0.201896
0.244581
0.245772
0.247034
0.26
0.26
0.26
0.26
0.26
0.26
0.26
0.26
0.26
0.26
0.26
0.26
0.26
0.26
0.26
0.26
0.26
0.26
0.26
0.26
0.26
0.26
0.26
0.26
0.26
0.26
0.26
0.26
0.26
0.26
0.26
0.26
0.26
0.26
0.26
0.26
0.26
0.26
0.26
0.26
0.26
0.26
0.26
0.26
0.26
0.26
0.26
0.26
0.26
0.26
0.26
0.26
0.26
0.26
0.26
0.26
0.26
0.26
0.26
0.26
0.26
0.26
0.26
0.26
0.26
0.26
0.26
0.26
0.26
0.26
0.26
0.26
0.26
0.26
0.26
0.26
0.26
0.26
0.26
0.26
0.26
0.26
0.26
0.26
0.26
0.26
0.26
0.26
0.26
0.26
0.26
0.26
0.26
0.26
0.26
0.26
0.26
0.26
0.26
0.26
0.26
0.26
0.26
0.26
0.26
0.26
0.26
0.26
0.26
0.26
0.26
0.26
0.26
0.26
0.26
0.26
0.26
0.26
0.26
0.26
0.26
0.26
0.26
0.26
0.26
0.26
0.26
0.26
0.26
0.26
0.26
0.26
0.26
0.26
0.26
0.26
0.26
0.26
0.26
0.26
0.26
0.26
0.26
0.26
0.26
0.26
0.26
0.26
0.26
0.26
0.26
0.26
0.26
0.26
0.26
0.26
0.26
0.26
0.26
0.26
0.26
0.26
0.26
0.26
0.26
0.26
0.26
0.26
0.26
0.26
0.26
0.26
0.26
0.26
0.26
0.26
0.26
0.26
0.26
0.26
0.26
0.26
0.26
0.26
0.26
0.26
0.26
0.26
0.26
0.26
0.26
0.26
0.26
0.26
0.26
0.26
0.26
0.26
0.26
0.26
0.26
0.26
0.26
0.26
0.26
0.26
0.26
0.26
0.26
0.26
0.26
0.26
0.26
0.26
0.26
0.26
0.25276
0.252078
0.250672
0.249321
0.233873
0.232252
0.230144
0.208103
0.206009
0.204324
0.201816
0.193477
0.188033
0.185513
0.183125
0.180654
0.176958
0.174169
0.171536
0.169144
0.166425
0.163207
0.168546
0.163232
0.160157
0.156819
0.167763
0.164895
0.161419
0.157985
0.167371
0.177377
0.174457
0.170993
0.182405
0.179234
0.175765
0.172562
0.185275
0.182138
0.178408
0.174743
0.205432
0.202218
0.199129
0.214363
0.210916
0.225271
0.222225
0.218781
0.232632
0.229577
0.226363
0.241649
0.238405
0.235264
0.232187
0.248315
0.245348
0.241801
0.259915
0.256596
0.253444
0.250243
0.26
0.26
0.26
0.26
0.26
0.26
0.26
0.26
0.26
0.26
0.26
0.26
0.26
0.26
0.26
0.26
0.26
0.26
0.26
0.26
0.26
0.26
0.26
0.26
0.26
0.26
0.26
0.26
0.26
0.26
0.26
0.26
0.26
0.26
0.26
0.26
0.26
0.26
0.26
0.26
0.26
0.26
0.26
0.26
0.26
0.26
0.26
0.26
0.26
0.26
0.26
0.26
0.26
0.26
0.26
0.26
0.26
0.26
0.26
0.26
0.26
0.26
0.26
0.26
0.26
0.26
0.26
0.26
0.26
0.26
0.26
0.26
0.26
0.26
0.26
0.26
0.26
0.26
0.26
0.26
0.26
0.26
0.26
0.26
0.26
0.26
0.26
0.26
0.26
0.26
0.26
0.26
0.26
0.26
0.26
0.26
0.26
0.26
0.26
0.26
0.26
0.26
0.26
0.26
0.26
0.26
0.26
0.26
0.26
0.26
0.26
0.26
0.26
0.26
0.26
0.26
0.26
0.26
0.26
0.26
0.26
0.26
0.26
0.26
0.26
0.26
0.26
0.26
0.26
0.26
0.26
0.26
0.26
0.26
0.26
0.26
0.26
0.26
0.26
0.26
0.26
0.26
0.26
0.26
0.26
0.26
0.26
0.26
0.26
0.26
0.26
0.26
0.26
0.26
0.26
0.26
0.26
0.26
0.26
0.26
0.26
0.26
0.26
0.26
0.26
0.26
0.26
0.26
0.26
0.26
0.26
0.26
0.26
0.26
0.26
0.26
0.26
0.26
0.26
0.26
0.26
0.26
0.26
0.26
0.26
0.26
0.26
0.26
0.26
0.26
0.26
0.26
0.26
0.26
0.26
0.26
0.26
0.26
0.26
0.26
0.26
0.26
0.26
0.26
0.26
0.26
0.26
0.26
0.26
0.26
0.26
0.26
0.26
0.26
0.26
0.26
0.26
0.26
0.26
0.26
0.26
0.26
0.26
0.26
0.26
0.26
0.26
0.26
0.26
0.26
0.26
0.26
0.26
0.26
0.235992
0.233673
0.231322
0.212504
0.209797
0.194876
0.19049
0.191993
0.184225
0.185548
0.187072
0.18861
0.183366
0.184945
0.186536
0.188127
0.18485
0.186732
0.188253
0.191638
0.193443
0.200185
0.202092
0.203806
0.212799
0.2148
0.216616
0.218606
0.22852
0.230614
0.232532
0.241202
0.243377
0.245383
0.247548
0.26
0.26
0.26
0.26
0.26
0.26
0.26
0.26
0.26
0.26
0.26
0.26
0.26
0.26
0.26
0.26
0.26
0.26
0.26
0.26
0.26
0.26
0.26
0.26
0.26
0.26
0.26
0.26
0.26
0.26
0.26
0.26
0.26
0.26
0.26
0.26
0.26
0.26
0.26
0.26
0.26
0.26
0.26
0.26
0.26
0.26
0.26
0.26
0.26
0.26
0.26
0.26
0.26
0.26
0.26
0.26
0.26
0.26
0.26
0.26
0.26
0.26
0.26
0.26
0.26
0.26
0.26
0.26
0.26
0.26
0.26
0.26
0.26
0.26
0.26
0.26
0.26
0.26
0.26
0.26
0.26
0.26
0.26
0.26
0.26
0.26
0.26
0.26
0.26
0.26
0.26
0.26
0.26
0.26
0.26
0.26
0.26
0.26
0.26
0.26
0.26
0.26
0.26
0.26
0.26
0.26
0.26
0.26
0.26
0.26
0.26
0.26
0.26
0.26
0.26
0.26
0.26
0.26
0.26
0.26
0.26
0.26
0.26
0.26
0.26
0.26
0.26
0.26
0.26
0.26
0.26
0.26
0.26
0.26
0.26
0.26
0.26
0.26
0.26
0.26
0.26
0.26
0.26
0.26
0.26
0.26
0.26
0.26
0.26
0.26
0.26
0.26
0.26
0.26
0.26
0.26
0.26
0.26
0.26
0.26
0.26
0.26
0.26
0.26
0.26
0.26
0.26
0.26
0.26
0.26
0.26
0.26
0.26
0.26
0.26
0.26
0.26
0.26
0.26
0.26
0.26
0.26
0.26
0.26
0.26
0.26
0.26
0.26
0.26
0.26
0.26
0.26
0.26
0.26
0.26
0.26
0.26
0.26
0.26
0.26
0.26
0.26
0.26
0.26
0.26
0.26
0.26
0.26
0.26
0.26
0.26
0.26
0.26
0.26
0.26
0.26
0.26
0.26
0.26
0.26
0.26
0.26
0.26
0.26
0.26
0.26
0.26
0.26
0.26
0.26
0.26
0.26
0.26
0.26
0.26
0.26
0.26
0.26
0.26
0.26
0.26
0.26
0.26
0.26
0.26
0.26
0.26
0.26
0.26
0.26
0.26
0.26
0.26
0.26
0.26
0.26
0.26
0.26
0.26
0.26
0.26
0.26
0.26
0.26
0.26
0.26
0.26
0.26
0.26
0.26
0.26
0.26
0.26
0.26
0.26
0.26
0.26
0.26
0.26
0.26
0.26
0.26
0.26
0.26
0.26
0.26
0.26
0.26
0.26
0.26
0.26
0.26
0.26
0.26
0.26
0.26
0.26
0.26
0.26
0.26
0.26
0.26
0.26
0.26
0.26
0.26
0.26
0.26
0.26
0.26
0.26
0.26
0.26
0.26
0.26
0.26
0.26
0.26
0.26
0.26
0.26
0.26
0.26
0.26
0.26
0.26
0.26
0.26
0.26
0.26
0.26
0.26
0.26
0.26
0.259652
0.26
0.26
0.26
0.2592
0.26
0.26
0.251253
0.25363
0.256016
0.252962
0.255244
0.254121
0.256572
0.258895
0.259837
0.26
0.26
0.26
0.26
0.26
0.26
0.26
0.26
0.26
0.26
0.26
0.26
0.26
0.26
0.26
0.26
0.26
0.26
0.26
0.26
0.26
0.26
0.26
0.26
0.26
0.26
0.26
0.26
0.26
0.26
0.26
0.26
0.26
0.26
0.26
0.26
0.26
0.26
0.26
0.26
0.26
0.26
0.26
0.26
0.26
0.26
0.26
0.250642
0.247715
0.227927
0.22474
0.220855
0.217609
0.198014
0.194025
0.189763
0.17122
0.166595
0.162319
0.157463
0.139533
0.134914
0.129709
0.10475
0.0992137
0.0942139
0.0890964
0.0759928
0.0636756
0.0670645
0.0630894
0.0560714
0.0554466
0.0548915
0.0477803
0.0473925
0.0468416
0.0463578
0.0398502
0.0394258
0.0389362
0.0385118
0.0262873
0.0257736
0.0254681
0.0199242
0.0154919
0.015216
0.0149985
0.0147226
0.0105497
0.0103289
0.00998455
0.00662708
0.00651482
0.00634753
0.00623528
0.004385
0.00433306
0.00422787
0.00417592
0.00804822
0.00825267
0.00832146
0.015594
0.0266742
0.0270082
0.0273844
0.0423108
0.0428481
0.0432096
0.0438295
0.060001
0.0607025
0.0613682
0.0620698
0.0970962
0.0981474
0.0991678
0.100108
0.122977
0.147912
0.149352
0.150819
0.175999
0.177679
0.179332
0.180935
0.20925
0.211131
0.21304
0.214921
0.246007
0.248127
0.250276
0.26
0.26
0.26
0.26
0.26
0.26
0.26
0.26
0.26
0.26
0.26
0.26
0.26
0.26
0.26
0.26
0.26
0.26
0.26
0.26
0.26
0.26
0.26
0.26
0.26
0.26
0.26
0.26
0.26
0.26
0.26
0.26
0.26
0.26
0.26
0.26
0.26
0.26
0.26
0.26
0.26
0.26
0.26
0.26
0.26
0.26
0.26
0.26
0.26
0.26
0.26
0.26
0.26
0.26
0.26
0.26
0.26
0.26
0.26
0.26
0.26
0.26
0.26
0.26
0.26
0.26
0.26
0.26
0.26
0.26
0.26
0.26
0.26
0.26
0.26
0.26
0.26
0.26
0.26
0.26
0.26
0.26
0.26
0.26
0.26
0.26
0.26
0.26
0.26
0.26
0.26
0.26
0.26
0.26
0.26
0.26
0.26
0.26
0.26
0.26
0.26
0.26
0.26
0.26
0.26
0.26
0.26
0.26
0.26
0.26
0.26
0.26
0.26
0.26
0.26
0.26
0.26
0.26
0.26
0.26
0.26
0.26
0.26
0.26
0.26
0.26
0.26
0.26
0.26
0.26
0.26
0.26
0.26
0.26
0.26
0.26
0.26
0.26
0.26
0.26
0.26
0.26
0.26
0.26
0.26
0.26
0.26
0.26
0.26
0.26
0.26
0.26
0.26
0.26
0.26
0.26
0.26
0.26
0.26
0.26
0.26
0.26
0.26
0.26
0.26
0.26
0.26
0.26
0.26
0.26
0.26
0.26
0.26
0.26
0.26
0.26
0.26
0.26
0.26
0.26
0.26
0.26
0.26
0.26
0.26
0.26
0.26
0.26
0.26
0.26
0.26
0.26
0.26
0.26
0.26
0.26
0.26
0.26
0.26
0.26
0.26
0.26
0.26
0.26
0.26
0.26
0.26
0.26
0.26
0.26
0.26
0.26
0.26
0.26
0.26
0.26
0.26
0.26
0.26
0.26
0.26
0.26
0.26
0.26
0.26
0.26
0.26
0.26
0.26
0.26
0.26
0.26
0.26
0.26
0.26
0.26
0.26
0.26
0.26
0.26
0.26
0.26
0.26
0.26
0.26
0.26
0.26
0.26
0.26
0.26
0.26
0.26
0.26
0.26
0.26
0.26
0.26
0.26
0.26
0.26
0.26
0.26
0.26
0.26
0.26
0.26
0.26
0.26
0.26
0.26
0.26
0.26
0.26
0.26
0.26
0.26
0.26
0.26
0.26
0.26
0.26
0.26
0.26
0.26
0.26
0.26
0.26
0.26
0.26
0.26
0.26
0.26
0.26
0.26
0.26
0.26
0.26
0.26
0.26
0.26
0.26
0.26
0.26
0.26
0.26
0.26
0.26
0.26
0.26
0.26
0.26
0.26
0.26
0.26
0.26
0.26
0.26
0.26
0.26
0.26
0.26
0.26
0.26
0.26
0.26
0.26
0.26
0.26
0.26
0.26
0.26
0.26
0.26
0.26
0.26
0.26
0.26
0.26
0.26
0.26
0.26
0.26
0.26
0.26
0.26
0.26
0.26
0.26
0.26
0.26
0.26
0.26
0.26
0.26
0.26
0.26
0.26
0.26
0.26
0.26
0.26
0.26
0.26
0.26
0.26
0.26
0.26
0.26
0.26
0.26
0.26
0.26
0.26
0.26
0.26
0.26
0.26
0.26
0.26
0.26
0.26
0.26
0.26
0.26
0.26
0.26
0.26
0.26
0.26
0.26
0.26
0.26
0.26
0.26
0.26
0.26
0.26
0.26
0.26
0.26
0.26
0.26
0.26
0.26
0.26
0.26
0.26
0.26
0.26
0.26
0.26
0.26
0.26
0.26
0.26
0.26
0.26
0.26
0.26
0.26
0.26
0.26
0.26
0.26
0.26
0.26
0.26
0.26
0.26
0.26
0.26
0.26
0.26
0.26
0.255638
0.25818
0.26
0.253012
0.255392
0.257842
0.26
0.25385
0.256183
0.258584
0.26
0.256112
0.258556
0.26
0.254121
0.256658
0.259228
0.26
0.26
0.26
0.26
0.26
0.26
0.26
0.26
0.26
0.26
0.26
0.26
0.26
0.26
0.26
0.26
0.26
0.26
0.26
0.26
0.26
0.26
0.26
0.26
0.26
0.26
0.26
0.26
0.26
0.26
0.26
0.26
0.26
0.26
0.26
0.26
0.26
0.26
0.26
0.26
0.26
0.26
0.26
0.26
0.26
0.26
0.26
0.26
0.26
0.26
0.26
0.26
0.26
0.26
0.26
0.26
0.26
0.26
0.26
0.26
0.26
0.26
0.26
0.26
0.26
0.26
0.26
0.26
0.26
0.26
0.26
0.26
0.26
0.26
0.26
0.26
0.26
0.26
0.26
0.26
0.26
0.26
0.26
0.26
0.26
0.26
0.26
0.26
0.26
0.26
0.26
0.26
0.26
0.26
0.26
0.26
0.26
0.26
0.26
0.26
0.26
0.26
0.26
0.26
0.26
0.26
0.26
0.26
0.26
0.26
0.26
0.26
0.26
0.26
0.26
0.26
0.26
0.26
0.26
0.26
0.26
0.26
0.26
0.26
0.26
0.26
0.26
0.26
0.26
0.26
0.26
0.26
0.26
0.26
0.26
0.26
0.26
0.26
0.26
0.26
0.26
0.26
0.26
0.26
0.26
0.26
0.26
0.26
0.26
0.26
0.26
0.26
0.26
0.26
0.26
0.26
0.26
0.26
0.26
0.26
0.26
0.26
0.26
0.26
0.26
0.26
0.26
0.26
0.26
0.26
0.26
0.259017
0.26
0.26
0.253564
0.25813
0.26
0.26
0.252045
0.256776
0.26
0.227257
0.232065
0.236795
0.241679
0.227075
0.213681
0.218489
0.22322
0.228105
0.215468
0.220276
0.225007
0.212596
0.217475
0.222279
0.210899
0.215771
0.220642
0.225439
0.19945
0.204289
0.209128
0.213967
0.190778
0.195418
0.200195
0.204971
0.196203
0.200805
0.20554
0.210275
0.202219
0.206778
0.211466
0.191411
0.195982
0.200494
0.204945
0.197812
0.202313
0.195735
0.20005
0.204479
0.198246
0.202541
0.206778
0.20137
0.205656
0.209798
0.214004
0.208732
0.212882
0.217032
0.203429
0.207243
0.211151
0.215058
0.210708
0.206451
0.210074
0.213697
0.209641
0.213085
0.216459
0.219915
0.215326
0.218595
0.221789
0.225062
0.219388
0.222463
0.225457
0.209436
0.212086
0.214735
0.217412
0.208971
0.200521
0.202778
0.205084
0.196207
0.198299
0.200392
0.202541
0.193277
0.195225
0.197173
0.188868
0.191418
0.190633
0.192466
0.176802
0.178488
0.180254
0.175674
0.173036
0.174732
0.176507
0.178136
0.177736
0.179508
0.181328
0.182958
0.185319
0.187214
0.189108
0.199187
0.201394
0.203669
0.205945
0.213811
0.22119
0.223887
0.226584
0.229306
0.236736
0.239637
0.242539
0.249504
0.252608
0.25563
0.258729
0.26
0.26
0.26
0.26
0.26
0.26
0.26
0.26
0.26
0.26
0.26
0.26
0.26
0.26
0.26
0.26
0.26
0.26
0.26
0.26
0.26
0.26
0.26
0.26
0.26
0.26
0.26
0.26
0.26
0.26
0.26
0.26
0.26
0.26
0.26
0.26
0.26
0.26
0.26
0.26
0.26
0.26
0.26
0.26
0.26
0.26
0.26
0.26
0.26
0.26
0.253388
0.258233
0.26
0.247198
0.251877
0.256719
0.26
0.229444
0.234133
0.238983
0.227569
0.217378
0.222089
0.226959
0.231829
0.222832
0.227634
0.233556
0.232356
0.225155
0.230039
0.234846
0.228593
0.233476
0.238359
0.243166
0.227228
0.232071
0.236914
0.231682
0.226041
0.230649
0.235389
0.24013
0.234852
0.239394
0.244063
0.238825
0.243411
0.247739
0.252322
0.246446
0.250925
0.255347
0.238213
0.242447
0.246681
0.250869
0.243173
0.23592
0.239852
0.24375
0.236079
0.239854
0.243629
0.247403
0.239163
0.242702
0.246327
0.238505
0.241992
0.24541
0.24891
0.230406
0.233723
0.236966
0.230305
0.224209
0.227444
0.230602
0.233839
0.227832
0.231045
0.234256
0.237391
0.231858
0.235053
0.238248
0.224518
0.227722
0.230926
0.234131
0.229839
0.226157
0.229473
0.232788
0.236099
0.23279
0.236203
0.239617
0.243021
0.240449
0.243889
0.247417
0.245167
0.248731
0.252382
0.243629
0.247549
0.251435
0.25526
0.252319
0.248191
0.252354
0.256458
0.251444
0.255779
0.26
0.26
0.258176
0.26
0.26
0.26
0.26
0.26
0.26
0.248654
0.253242
0.258306
0.257197
0.245045
0.232799
0.238737
0.244766
0.232759
0.239043
0.245348
0.251404
0.23869
0.245156
0.251382
0.238864
0.245445
0.251602
0.257983
0.226302
0.232682
0.239282
0.227197
0.215134
0.221764
0.227821
0.234171
0.221763
0.227949
0.233828
0.239678
0.227575
0.233268
0.238971
0.22666
0.232157
0.237625
0.207897
0.213283
0.218462
0.223701
0.212339
0.200818
0.205968
0.21103
0.200051
0.204831
0.208205
0.209708
0.198661
0.203498
0.208214
0.212856
0.201229
0.205863
0.210429
0.183023
0.187775
0.192407
0.196928
0.185505
0.174879
0.179605
0.184084
0.174245
0.178847
0.183276
0.187507
0.178115
0.182528
0.186683
0.178663
0.182646
0.18684
0.190642
0.173346
0.177448
0.181406
0.176803
0.180654
0.177341
0.181287
0.185005
0.183364
0.18709
0.190597
0.190168
0.193787
0.197133
0.20026
0.200294
0.203427
0.205563
0.198232
0.203088
0.20787
0.21258
0.212796
0.213633
0.218339
0.222978
0.227753
0.228954
0.233668
0.238315
0.239085
0.243722
0.248359
0.252934
0.248386
0.252821
0.257256
0.26
0.26
0.25924
0.26
0.26
0.26
0.26
0.26
0.26
0.26
0.26
0.26
0.26
0.26
0.26
0.26
0.26
0.26
0.26
0.26
0.26
0.26
0.26
0.26
0.26
0.26
0.26
0.26
0.26
0.26
0.26
0.26
0.254506
0.256703
0.2589
0.249809
0.251833
0.243543
0.245555
0.247629
0.239703
0.241651
0.243599
0.245613
0.237609
0.239503
0.241398
0.234029
0.235956
0.237746
0.223687
0.225551
0.227484
0.22928
0.225622
0.223796
0.225872
0.227819
0.229833
0.230085
0.232231
0.234406
0.236411
0.238601
0.240898
0.243241
0.24689
0.249353
0.251817
0.26
0.26
0.26
0.26
0.26
0.26
0.26
0.26
0.26
0.26
0.26
0.26
0.26
0.26
0.26
0.26
0.26
0.26
0.26
0.26
0.26
0.26
0.26
0.26
0.26
0.26
0.26
0.26
0.26
0.26
0.26
0.26
0.26
0.26
0.26
0.26
0.26
0.26
0.26
0.26
0.26
0.26
0.26
0.26
0.26
0.26
0.26
0.26
0.26
0.26
0.26
0.26
0.26
0.26
0.26
0.26
0.26
0.26
0.26
0.26
0.26
0.26
0.26
0.26
0.26
0.26
0.26
0.26
0.26
0.26
0.26
0.26
0.26
0.26
0.26
0.26
0.26
0.26
0.26
0.26
0.26
0.26
0.26
0.26
0.26
0.26
0.26
0.26
0.26
0.26
0.26
0.26
0.26
0.26
0.26
0.26
0.26
0.26
0.26
0.26
0.26
0.26
0.26
0.26
0.26
0.26
0.26
0.26
0.26
0.26
0.26
0.26
0.26
0.26
0.26
0.26
0.26
0.26
0.26
0.26
0.26
0.26
0.26
0.26
0.26
0.26
0.26
0.26
0.26
0.26
0.26
0.26
0.26
0.26
0.26
0.26
0.26
0.26
0.26
0.26
0.26
0.26
0.259055
0.26
0.26
0.25742
0.244979
0.250963
0.256948
0.26
0.25143
0.2574
0.26
0.253963
0.259949
0.26
0.26
0.26
0.26
0.26
0.249961
0.256131
0.26
0.26
0.26
0.256539
0.26
0.26
0.26
0.26
0.26
0.26
0.26
0.26
0.26
0.26
0.26
0.26
0.26
0.26
0.26
0.257574
0.26
0.26
0.26
0.26
0.26
0.26
0.26
0.26
0.26
0.26
0.243618
0.249866
0.256114
0.26
0.24711
0.231063
0.237199
0.243335
0.249472
0.233748
0.239841
0.245933
0.230542
0.236601
0.24266
0.227613
0.23365
0.239687
0.245724
0.215127
0.221164
0.227201
0.21648
0.222548
0.213376
0.219497
0.225617
0.231737
0.223163
0.229354
0.235545
0.226364
0.232636
0.238908
0.24518
0.221188
0.227603
0.234019
0.22312
0.229581
0.21839
0.224879
0.231368
0.219961
0.226461
0.232961
0.220307
0.226797
0.233288
0.239778
0.226972
0.233432
0.239892
0.20438
0.210737
0.217095
0.223452
0.207756
0.192077
0.198334
0.204591
0.210848
0.194978
0.201205
0.207432
0.213658
0.199225
0.205389
0.205439
0.171987
0.178214
0.184442
0.190669
0.178812
0.167817
0.174092
0.180367
0.186642
0.175614
0.181928
0.188241
0.177708
0.184066
0.190425
0.196784
0.186045
0.192451
0.198858
0.170718
0.177196
0.183675
0.190154
0.178543
0.166029
0.172529
0.179028
0.166979
0.173471
0.179962
0.186454
0.175081
0.181551
0.188022
0.176917
0.18335
0.189783
0.196215
0.168422
0.174758
0.181095
0.187432
0.175711
0.164439
0.170683
0.176927
0.165572
0.171772
0.177971
0.184171
0.172702
0.17886
0.185018
0.174704
0.18083
0.186956
0.193082
0.168022
0.174134
0.180246
0.186358
0.164404
0.170591
0.176777
0.182964
0.175635
0.181888
0.188141
0.181962
0.188285
0.194608
0.200931
0.195766
0.202155
0.208545
0.189388
0.195868
0.202348
0.208829
0.200128
0.189692
0.196189
0.202685
0.192096
0.198572
0.205049
0.211525
0.200556
0.206992
0.213429
0.219865
0.207445
0.213823
0.220202
0.188701
0.194955
0.201209
0.188514
0.194719
0.183022
0.181569
0.186108
0.172849
0.177103
0.181291
0.185397
0.171476
0.175409
0.179266
0.182606
0.153713
0.157382
0.160879
0.1486
0.152404
0.14188
0.14516
0.148539
0.151306
0.142399
0.145409
0.148197
0.140183
0.143033
0.14602
0.13259
0.135916
0.138739
0.141294
0.139452
0.142014
0.142324
0.145208
0.147864
0.150144
0.151896
0.154553
0.156861
0.159298
0.161771
0.163682
0.154856
0.168774
0.170748
0.177132
0.173235
0.180519
0.187925
0.195029
0.198257
0.204762
0.211711
0.218331
0.219723
0.226117
0.232349
0.23066
0.236679
0.242526
0.248345
0.244428
0.249767
0.255192
0.26
0.243163
0.247502
0.251891
0.242668
0.232236
0.235494
0.238711
0.241859
0.22965
0.232139
0.234526
0.220332
0.222064
0.223709
0.225329
0.192158
0.192932
0.193501
0.178335
0.178397
0.163418
0.16324
0.162921
0.16255
0.148527
0.144012
0.147867
0.134831
0.133952
0.133028
0.131976
0.119764
0.118564
0.117241
0.0980595
0.0967636
0.0952334
0.0860264
0.0844592
0.0761644
0.0745825
0.0729882
0.0650321
0.063278
0.0616118
0.0597123
0.0514952
0.0496363
0.0476749
0.0396597
0.0375324
0.0356301
0.0334526
0.0196387
0.0176146
0.0153758
0.0130747
0.00552133
-0.00164735
-0.00404973
-0.00645037
-0.0129112
-0.0154807
-0.0180476
-0.0230783
-0.025869
-0.0286018
-0.0313935
-0.0349661
-0.0379122
-0.0429915
-0.0375
-0.0305649
-0.0235704
-0.016394
-0.0038877
0.0128088
0.0202458
0.0279126
0.0482104
0.0559706
0.0638722
0.0720172
0.0932896
0.101509
0.10972
0.132212
0.140649
0.149083
0.157545
0.194106
0.202599
0.21115
0.219789
0.239875
0.257471
0.26
0.26
0.26
0.26
0.26
0.26
0.26
0.26
0.26
0.26
0.26
0.26
0.26
0.26
0.26
0.26
0.26
0.26
0.26
0.26
0.26
0.26
0.26
0.26
0.26
0.26
0.26
0.26
0.26
0.26
0.26
0.26
0.26
0.26
0.26
0.26
0.26
0.26
0.26
0.26
0.26
0.26
0.26
0.26
0.26
0.26
0.26
0.26
0.26
0.26
0.26
0.26
0.26
0.253193
0.251986
0.250974
0.233051
0.231781
0.230185
0.22889
0.210704
0.20906
0.207395
0.205447
0.181276
0.173914
0.172154
0.169762
0.143183
0.141354
0.13889
0.137114
0.124169
0.122479
0.119598
0.108791
0.106358
0.103699
0.100634
0.0906389
0.087824
0.0850006
0.0707303
0.0678215
0.0647335
0.0616369
0.0540626
0.0468127
0.0431776
0.0397976
0.0362894
0.0290527
0.0255239
0.021852
0.01444
0.0109373
0.0065678
0.0024473
-0.00368768
-0.00837415
-0.0126319
-0.015284
-0.0196963
-0.0199672
-0.024531
-0.0293379
-0.0267962
-0.0317653
-0.036726
-0.0302265
-0.0261438
-0.0263999
-0.0263929
-0.0127613
-0.0128936
-0.0127937
-0.0129106
0.0228792
0.0230214
0.0234201
0.0432963
0.063151
0.0635802
0.0642574
0.0646733
0.0852086
0.0860259
0.0865877
0.106049
0.106762
0.107711
0.108412
0.127158
0.128401
0.129024
0.162207
0.163327
0.16466
0.179343
0.180593
0.19421
0.195579
0.196958
0.208256
0.209938
0.211424
0.212921
0.222779
0.224371
0.225972
0.227574
0.237225
0.238759
0.240461
0.256977
0.258861
0.26
0.26
0.26
0.26
0.26
0.26
0.26
0.26
0.26
0.26
0.26
0.26
0.26
0.26
0.26
0.26
0.26
0.26
0.26
0.26
0.26
0.26
0.26
0.26
0.26
0.26
0.26
0.26
0.26
0.26
0.26
0.26
0.26
0.26
0.26
0.26
0.26
0.26
0.26
0.26
0.26
0.26
0.26
0.26
0.26
0.26
0.26
0.26
0.26
0.26
0.26
0.26
0.26
0.26
0.26
0.26
0.26
0.26
0.26
0.26
0.26
0.26
0.26
0.26
0.26
0.26
0.26
0.26
0.26
0.26
0.26
0.26
0.26
0.26
0.26
0.26
0.26
0.26
0.26
0.26
0.26
0.26
0.26
0.26
0.26
0.26
0.26
0.26
0.26
0.26
0.26
0.26
0.26
0.26
0.26
0.26
0.26
0.26
0.26
0.26
0.26
0.26
0.26
0.26
0.26
0.26
0.26
0.26
0.26
0.26
0.26
0.26
0.26
0.26
0.26
0.26
0.26
0.26
0.26
0.26
0.26
0.26
0.26
0.26
0.26
0.26
0.26
0.26
0.26
0.26
0.26
0.26
0.26
0.26
0.26
0.26
0.26
0.26
0.26
0.26
0.26
0.26
0.26
0.26
0.26
0.26
0.26
0.26
0.26
0.26
0.26
0.26
0.26
0.26
0.26
0.26
0.26
0.26
0.26
0.26
0.26
0.26
0.26
0.26
0.26
0.26
0.26
0.26
0.26
0.26
0.26
0.26
0.26
0.26
0.26
0.26
0.26
0.26
0.26
0.26
0.26
0.26
0.26
0.26
0.26
0.26
0.26
0.26
0.26
0.26
0.26
0.26
0.26
0.26
0.26
0.26
0.26
0.26
0.26
0.26
0.251405
0.253844
0.251635
0.238652
0.236138
0.233568
0.23081
0.217926
0.215026
0.211939
0.208722
0.195284
0.191891
0.188376
0.168673
0.164918
0.161328
0.157529
0.14929
0.144564
0.140881
0.136924
0.135467
0.131563
0.127833
0.123879
0.124655
0.120799
0.116799
0.119622
0.115771
0.111916
0.107995
0.122972
0.119379
0.115873
0.122853
0.1308
0.127582
0.124274
0.120941
0.130674
0.127395
0.124096
0.120675
0.127382
0.126088
0.127606
0.129125
0.159172
0.161187
0.163202
0.180388
0.197392
0.199907
0.202421
0.204936
0.223182
0.225958
0.228734
0.249042
0.252097
0.255152
0.258206
0.26
0.26
0.26
0.26
0.26
0.26
0.26
0.26
0.26
0.26
0.26
0.26
0.26
0.26
0.26
0.26
0.26
0.26
0.26
0.26
0.26
0.26
0.26
0.26
0.26
0.26
0.26
0.26
0.26
0.26
0.26
0.26
0.26
0.26
0.26
0.26
0.26
0.26
0.26
0.26
0.26
0.26
0.26
0.26
0.26
0.26
0.26
0.26
0.26
0.26
0.26
0.26
0.26
0.26
0.26
0.26
0.26
0.26
0.26
0.26
0.26
0.26
0.26
0.26
0.26
0.26
0.26
0.26
0.26
0.26
0.26
0.26
0.26
0.26
0.26
0.26
0.26
0.26
0.26
0.26
0.26
0.26
0.26
0.26
0.26
0.26
0.26
0.26
0.26
0.26
0.26
0.26
0.26
0.26
0.26
0.26
0.26
0.26
0.26
0.26
0.26
0.26
0.26
0.26
0.26
0.26
0.26
0.26
0.26
0.26
0.26
0.26
0.26
0.26
0.26
0.26
0.26
0.26
0.26
0.26
0.26
0.26
0.26
0.26
0.26
0.26
0.26
0.26
0.26
0.26
0.26
0.26
0.26
0.26
0.26
0.26
0.26
0.26
0.26
0.26
0.26
0.26
0.26
0.26
0.26
0.26
0.26
0.26
0.26
0.26
0.26
0.26
0.26
0.26
0.26
0.26
0.26
0.26
0.26
0.26
0.26
0.26
0.26
0.26
0.26
0.26
0.26
0.26
0.26
0.26
0.26
0.26
0.26
0.26
0.26
0.26
0.26
0.26
0.26
0.26
0.26
0.26
0.26
0.26
0.26
0.26
0.26
0.26
0.26
0.26
0.26
0.26
0.26
0.26
0.26
0.26
0.26
0.26
0.26
0.26
0.26
0.26
0.26
0.26
0.26
0.26
0.26
0.26
0.26
0.26
0.26
0.26
0.26
0.26
0.26
0.26
0.26
0.26
0.26
0.26
0.26
0.26
0.26
0.26
0.26
0.26
0.26
0.26
0.26
0.26
0.26
0.26
0.26
0.26
0.26
0.26
0.26
0.26
0.26
0.26
0.26
0.26
0.26
0.26
0.26
0.26
0.26
0.26
0.26
0.26
0.26
0.26
0.26
0.26
0.26
0.26
0.26
0.26
0.26
0.26
0.26
0.26
0.26
0.26
0.26
0.26
0.26
0.26
0.26
0.26
0.26
0.26
0.26
0.26
0.26
0.26
0.26
0.26
0.26
0.26
0.26
0.26
0.26
0.26
0.26
0.26
0.26
0.26
0.26
0.26
0.26
0.26
0.26
0.26
0.26
0.26
0.26
0.26
0.26
0.26
0.26
0.26
0.26
0.26
0.26
0.26
0.26
0.26
0.26
0.26
0.26
0.26
0.26
0.26
0.26
0.26
0.26
0.26
0.26
0.26
0.26
0.26
0.26
0.26
0.26
0.26
0.26
0.26
0.26
0.26
0.26
0.26
0.26
0.26
0.26
0.26
0.26
0.26
0.26
0.26
0.26
0.26
0.26
0.26
0.26
0.26
0.26
0.26
0.26
0.26
0.26
0.26
0.26
0.26
0.26
0.26
0.26
0.26
0.26
0.26
0.26
0.26
0.26
0.26
0.26
0.26
0.26
0.26
0.26
0.26
0.26
0.26
0.26
0.26
0.26
0.26
0.26
0.26
0.26
0.26
0.26
0.26
0.26
0.26
0.26
0.26
0.26
0.26
0.26
0.26
0.26
0.26
0.26
0.26
0.26
0.26
0.26
0.26
0.26
0.26
0.26
0.26
0.26
0.26
0.26
0.26
0.26
0.26
0.26
0.26
0.26
0.26
0.26
0.26
0.26
0.26
0.26
0.26
0.26
0.26
0.26
0.26
0.26
0.26
0.248383
0.250092
0.251201
0.252489
0.203921
0.205095
0.205419
0.182293
0.15843
0.158593
0.158878
0.158206
0.135118
0.134469
0.134181
0.110588
0.109777
0.108275
0.10743
0.0836866
0.0821979
0.0806616
0.039746
0.0378447
0.035799
0.0331926
0.0133348
-0.00474787
-0.006851
-0.00982009
-0.0252389
-0.0282426
-0.0311246
-0.0344129
-0.0475042
-0.0508272
-0.0544088
-0.0642881
-0.0680807
-0.0718958
-0.0659654
-0.0746414
-0.0739655
-0.0733193
-0.0705703
-0.0661703
-0.0653997
-0.0646167
-0.0638337
-0.0585356
-0.0577098
-0.0568717
-0.0509828
-0.0501025
-0.04921
-0.0483176
-0.0412484
-0.04031
-0.0393596
-0.019227
-0.0183509
-0.0172631
-0.00198806
-0.000607985
0.0192272
0.0204915
0.0219599
0.0232132
0.0471392
0.0485073
0.0500717
0.0514293
0.0789993
0.080666
0.0821353
0.136956
0.138652
0.140598
0.142125
0.170197
0.199173
0.201072
0.202978
0.231879
0.234021
0.236023
0.238033
0.26
0.26
0.26
0.26
0.26
0.26
0.26
0.26
0.26
0.26
0.26
0.26
0.26
0.26
0.26
0.26
0.26
0.26
0.26
0.26
0.26
0.26
0.26
0.26
0.26
0.26
0.26
0.26
0.26
0.26
0.26
0.26
0.26
0.26
0.26
0.26
0.26
0.26
0.26
0.26
0.26
0.26
0.26
0.26
0.26
0.26
0.26
0.26
0.26
0.26
0.26
0.26
0.26
0.26
0.26
0.26
0.26
0.26
0.26
0.26
0.26
0.26
0.26
0.26
0.26
0.26
0.26
0.26
0.26
0.26
0.26
0.26
0.26
0.26
0.26
0.26
0.26
0.26
0.26
0.26
0.26
0.26
0.26
0.26
0.26
0.26
0.26
0.26
0.26
0.26
0.26
0.26
0.26
0.26
0.26
0.26
0.26
0.26
0.26
0.26
0.26
0.26
0.26
0.26
0.26
0.26
0.26
0.26
0.26
0.26
0.26
0.26
0.26
0.26
0.26
0.26
0.26
0.26
0.26
0.26
0.26
0.26
0.26
0.26
0.26
0.26
0.26
0.26
0.26
0.26
0.26
0.26
0.26
0.26
0.26
0.26
0.26
0.26
0.26
0.26
0.26
0.26
0.26
0.26
0.26
0.26
0.26
0.26
0.26
0.26
0.26
0.26
0.26
0.26
0.26
0.26
0.26
0.26
0.26
0.26
0.26
0.26
0.26
0.26
0.26
0.26
0.26
0.26
0.26
0.26
0.26
0.26
0.26
0.26
0.26
0.26
0.26
0.26
0.26
0.26
0.26
0.26
0.26
0.26
0.26
0.26
0.26
0.26
0.26
0.26
0.26
0.26
0.26
0.26
0.26
0.26
0.26
0.26
0.26
0.26
0.26
0.26
0.26
0.26
0.26
0.26
0.26
0.26
0.26
0.26
0.26
0.26
0.26
0.26
0.26
0.26
0.26
0.26
0.26
0.26
0.26
0.26
0.26
0.26
0.26
0.26
0.26
0.26
0.26
0.26
0.26
0.26
0.26
0.26
0.26
0.26
0.26
0.26
0.26
0.26
0.26
0.26
0.26
0.26
0.26
0.26
0.26
0.26
0.26
0.26
0.26
0.26
0.26
0.26
0.26
0.26
0.26
0.26
0.26
0.26
0.26
0.26
0.26
0.26
0.26
0.26
0.26
0.26
0.26
0.26
0.26
0.26
0.26
0.26
0.26
0.26
0.26
0.26
0.26
0.26
0.26
0.26
0.26
0.26
0.26
0.26
0.26
0.26
0.26
0.26
0.26
0.26
0.26
0.26
0.26
0.26
0.26
0.26
0.26
0.26
0.26
0.26
0.26
0.26
0.26
0.26
0.26
0.26
0.26
0.26
0.26
0.26
0.26
0.26
0.26
0.26
0.26
0.26
0.26
0.26
0.26
0.26
0.26
0.26
0.26
0.26
0.26
0.26
0.26
0.26
0.26
0.26
0.26
0.26
0.26
0.26
0.26
0.26
0.26
0.26
0.26
0.26
0.26
0.26
0.26
0.26
0.26
0.26
0.26
0.26
0.26
0.26
0.26
0.26
0.26
0.26
0.26
0.26
0.26
0.26
0.26
0.26
0.26
0.26
0.26
0.26
0.26
0.26
0.26
0.26
0.26
0.26
0.26
0.26
0.26
0.26
0.26
0.26
0.26
0.26
0.26
0.26
0.26
0.26
0.26
0.26
0.26
0.26
0.26
0.26
0.26
0.26
0.26
0.26
0.26
0.26
0.26
0.26
0.26
0.26
0.26
0.26
0.26
0.26
0.26
0.26
0.26
0.26
0.26
0.26
0.26
0.26
0.26
0.26
0.26
0.26
0.26
0.26
0.26
0.26
0.26
0.26
0.26
0.26
0.26
0.26
0.26
0.26
0.26
0.26
0.26
0.26
0.26
0.26
0.26
0.26
0.26
0.26
0.26
0.26
0.26
0.26
0.26
0.26
0.26
0.26
0.26
0.26
0.26
0.26
0.26
0.26
0.26
0.26
0.26
0.26
0.26
0.26
0.26
0.26
0.26
0.26
0.26
0.26
0.26
0.26
0.26
0.26
0.26
0.26
0.26
0.26
0.26
0.26
0.26
0.26
0.26
0.26
0.26
0.26
0.26
0.26
0.26
0.26
0.26
0.26
0.26
0.26
0.26
0.26
0.26
0.26
0.26
0.26
0.26
0.26
0.26
0.26
0.26
0.26
0.26
0.26
0.26
0.26
0.26
0.26
0.26
0.26
0.26
0.26
0.26
0.26
0.26
0.26
0.26
0.26
0.26
0.26
0.26
0.26
0.26
0.26
0.26
0.26
0.26
0.26
0.26
0.26
0.26
0.26
0.26
0.26
0.26
0.26
0.26
0.26
0.26
0.26
0.26
0.26
0.26
0.26
0.26
0.26
0.26
0.26
0.26
0.26
0.26
0.26
0.26
0.26
0.26
0.26
0.26
0.26
0.26
0.26
0.26
0.26
0.26
0.26
0.26
0.26
0.26
0.26
0.26
0.26
0.26
0.26
0.26
0.26
0.26
0.26
0.26
0.26
0.26
0.26
0.26
0.26
0.26
0.26
0.26
0.26
0.26
0.26
0.26
0.26
0.26
0.26
0.26
0.26
0.26
0.26
0.26
0.26
0.26
0.26
0.26
0.26
0.26
0.26
0.26
0.26
0.26
0.26
0.26
0.26
0.26
0.26
0.26
0.26
0.26
0.26
0.26
0.26
0.26
0.26
0.26
0.26
0.26
0.26
0.26
0.26
0.26
0.255526
0.26
0.26
0.26
0.26
0.26
0.26
0.25883
0.26
0.26
0.26
0.26
0.26
0.26
0.240375
0.246704
0.253033
0.259363
0.245454
0.232567
0.238862
0.245157
0.232639
0.238934
0.245193
0.24523
0.232405
0.238712
0.245019
0.251327
0.2206
0.22695
0.233299
0.220561
0.226933
0.214526
0.220921
0.227316
0.21434
0.220759
0.227178
0.233597
0.219167
0.225612
0.232057
0.238503
0.201201
0.20769
0.214179
0.196999
0.203498
0.18679
0.193288
0.199787
0.183197
0.189686
0.196175
0.202663
0.185696
0.192165
0.198634
0.182767
0.18921
0.195652
0.202095
0.165314
0.171683
0.178051
0.164519
0.151535
0.157815
0.164095
0.170374
0.156932
0.16316
0.169388
0.175616
0.163174
0.169353
0.175531
0.146413
0.152517
0.158621
0.164725
0.154793
0.145683
0.151784
0.157884
0.163985
0.155208
0.161343
0.167478
0.1598
0.165991
0.172181
0.178372
0.171314
0.177576
0.183838
0.164473
0.170876
0.17728
0.183683
0.177557
0.170832
0.177319
0.183806
0.190293
0.183525
0.190024
0.196524
0.189118
0.195611
0.202104
0.208597
0.200001
0.206465
0.21293
0.188548
0.194912
0.201276
0.20764
0.197299
0.186823
0.193065
0.199262
0.18087
0.185452
0.189913
0.176653
0.180788
0.184841
0.18875
0.176083
0.17992
0.183069
0.186556
0.160915
0.163968
0.166927
0.170227
0.151122
0.154298
0.157263
0.159699
0.153879
0.156499
0.159308
0.155028
0.157557
0.159852
0.162632
0.160154
0.162363
0.164744
0.166744
0.164711
0.167164
0.169338
0.170478
0.171218
0.173537
0.176026
0.176686
0.178823
0.180898
0.183085
0.18382
0.185683
0.187495
0.193924
0.186673
0.188874
0.190541
0.192389
0.193479
0.194066
0.195983
0.197788
0.199324
0.200198
0.20164
0.202952
0.203943
0.205058
0.206056
0.206981
0.208514
0.209246
0.209959
0.210473
0.213764
0.214549
0.214937
0.217788
0.220329
0.221098
0.221577
0.224833
0.22517
0.225683
0.225625
0.229966
0.229934
0.230028
0.234778
0.234486
0.234334
0.234106
0.244939
0.245017
0.244897
0.244696
0.257354
0.257488
0.26
0.131265
0.157605
0.160102
0.162716
0.15219
0.154362
0.156645
0.158967
0.146378
0.14832
0.150262
0.121165
0.122345
0.123626
0.124975
0.110998
0.0978835
0.0987311
0
0.0974796
0.0974796
0.0854534
0.0854534
0.0854534
0.0854534
0.0724186
0.0724186
0.0724186
0.0432651
0.0432651
0.0432651
0.0432651
0.0293791
0.0156689
0.0156689
0.0156689
0.0156689
0.00347833
0.00347833
0.00347833
-0.00743543
-0.00743543
-0.00743543
-0.00743543
-0.0255901
-0.0255901
-0.0255901
-0.0255901
-0.0340362
-0.0427226
-0.0427226
-0.0427226
-0.0511085
-0.0511085
-0.0511085
-0.0511085
-0.0597028
-0.0597028
-0.0597028
-0.0687144
-0.0687144
-0.0687144
-0.0687144
-0.0832372
-0.0832372
-0.0832372
-0.0889812
-0.0889812
-0.0941259
-0.0941259
-0.0941259
-0.0993879
-0.0993879
-0.0993879
-0.0993879
-0.10488
-0.10488
-0.10488
-0.10488
-0.11383
-0.11383
-0.11383
-0.117153
-0.117153
-0.120032
-0.120032
-0.120032
-0.123078
-0.123078
-0.123078
-0.123078
-0.126442
-0.126442
-0.126442
-0.129876
-0.129876
-0.129876
-0.129876
-0.13702
-0.13702
-0.13702
-0.140394
-0.14329
-0.14329
-0.14329
-0.14329
-0.144975
-0.144975
-0.144975
-0.14519
-0.14519
-0.14519
-0.14519
-0.142115
-0.142115
-0.142115
-0.142115
-0.139324
-0.135847
-0.135847
-0.135847
-0.135847
-0.131459
-0.131459
-0.131459
-0.131459
-0.126185
-0.126185
-0.126185
-0.119657
-0.119657
-0.119657
-0.119657
-0.105204
-0.105204
-0.105204
-0.105204
-0.0917485
-0.0917485
-0.0917485
-0.0917485
-0.0856341
-0.0856341
-0.0856341
-0.0798639
-0.0798639
-0.0798639
-0.0798639
-0.0698478
-0.0698478
-0.0698478
-0.0659208
-0.0659208
-0.0615418
-0.0615418
-0.0615418
-0.0615418
-0.0573252
-0.0573252
-0.0573252
-0.0534877
-0.0534877
-0.0534877
-0.0534877
-0.0466964
-0.0466964
-0.0466964
-0.0466964
-0.0435753
-0.0405135
-0.0405135
-0.0405135
-0.0405135
-0.0377923
-0.0377923
-0.0377923
-0.0352357
-0.0352357
-0.0352357
-0.0352357
-0.0304409
-0.0304409
-0.0304409
-0.0304409
-0.0282807
-0.026021
-0.026021
-0.026021
-0.0237653
-0.0237653
-0.0237653
-0.0237653
-0.0215265
-0.0215265
-0.0215265
-0.0215265
-0.0193437
-0.0193437
-0.0193437
-0.0193437
-0.0148879
-0.0148879
-0.0148879
-0.0125776
-0.0102194
-0.0102194
-0.0102194
-0.00788271
-0.00788271
-0.00788271
-0.00788271
-0.00547645
-0.00547645
-0.00547645
-0.00375516
-0.00375516
-0.00375516
-0.00375516
-0.00309527
-0.00309527
-0.00309527
-0.00314893
-0.0032868
-0.0032868
-0.0032868
-0.0032868
-0.00351189
-0.00351189
-0.00351189
-0.00351189
-0.00379922
-0.00379922
-0.00379922
-0.00432303
-0.00432303
-0.00432303
-0.00432303
-0.00450382
-0.00463608
-0.00463608
-0.00463608
-0.00463608
-0.00474956
-0.00474956
-0.00474956
-0.0047993
-0.0047993
-0.0047993
-0.0047993
-0.00480718
-0.00480718
-0.00480718
-0.00480718
-0.0037136
0
