0.0000
0.0000
0.0000
0.0000
0.0000
0.0000
0.0000
0.0000
0.0000
0.0000
0.0000
0.0000
0.0000
0.0000
0.0000
0.0000
0.0000
0.0000
0.0000
0.0000
0.0000
0.0000
0.0000
0.0000
0.0000
0.0000
0.0000
0.0000
0.0000
0.0000
0.0000
0.0000
0.0000
0.0000
0.0000
0.0000
0.0000
0.0000
0.0000
0.0000
0.0000
0.0000
0.0000
0.0000
0.0000
0.0000
0.0000
0.0000
0.0000
0.0000
0.0000
0.0000
0.0000
0.0000
0.0000
0.0000
0.0000
0.0000
0.0000
0.0000
0.0000
0.0000
0.0000
0.0000
0.0000
0.0000
0.0000
0.0000
0.0000
0.0000
0.0000
0.0000
0.0000
0.0000
0.0000
0.0000
0.0000
0.0000
0.0000
0.0000
0.0000
0.0000
0.0000
0.0000
0.0000
0.0000
0.0000
0.0000
0.0000
0.0000
0.0000
0.0000
0.0000
0.0000
0.0000
0.0000
0.0000
0.0000
0.0000
0.0000
0.0000
0.0000
0.0000
0.0000
0.0000
0.0000
0.0000
0.0000
0.0000
0.0000
0.0000
0.0000
0.0000
0.0000
0.0000
0.0000
0.0000
0.0000
0.0000
0.0000
0.0000
0.0000
0.0000
0.0000
0.0000
0.0000
0.0000
0.0000
0.0000
0.0000
0.0000
0.0000
0.0000
0.0000
0.0000
0.0000
0.0000
0.0000
0.0000
0.0000
0.0000
0.0000
0.0000
0.0000
0.0000
0.0000
0.0000
0.0000
0.0000
0.0000
0.0000
0.0000
0.0000
0.0000
0.0000
0.0000
0.0000
0.0000
0.0000
0.0000
0.0000
0.0000
0.0000
0.0000
0.0000
0.0000
0.0000
0.0000
0.0000
0.0000
0.0000
0.0000
0.0000
0.0000
0.0000
0.0000
0.0000
0.0000
0.0000
0.0000
0.0000
0.0000
0.0000
0.0000
0.0000
0.0000
0.0000
0.0000
0.0000
0.0000
0.0000
0.0000
0.0000
0.0000
0.0000
0.0000
0.0000
0.0000
0.0000
0.0000
0.0000
0.0000
0.0000
0.0000
0.0000
0.0000
0.0000
0.0000
0.0000
0.0000
0.0000
0.0000
0.0000
0.0000
0.0000
0.0000
0.0000
0.0000
0.0000
0.0000
0.0000
0.0000
0.0000
0.0000
0.0000
0.0000
0.0000
0.0000
0.0000
0.0000
0.0000
0.0000
0.0000
0.0000
0.0000
0.0000
0.0000
0.0000
0.0000
0.0000
0.0000
0.0000
0.0000
0.0000
0.0000
0.0000
0.0000
0.0000
0.0000
0.0000
0.0000
0.0000
0.0000
0.0000
0.0000
0.0000
0.0000
0.0000
0.0000
0.0000
0.0000
0.0000
0.0000
0.0000
0.0000
0.0000
0.0000
0.0000
0.0000
0.0000
0.0000
0.0000
0.0000
0.0000
0.0000
0.0000
0.0000
0.0000
0.0000
0.0000
0.0000
0.0000
0.0000
0.0000
0.0000
0.0000
0.0000
0.0000
0.0000
0.0000
0.0000
0.0000
0.0000
0.0000
0.0000
0.0000
0.0000
0.0000
0.0000
0.0000
0.0000
0.0000
0.0000
0.0000
0.0000
0.0000
0.0000
0.0000
0.0000
0.0000
0.0000
0.0000
0.0000
0.0000
0.0000
0.0000
0.0000
0.0000
0.0000
0.0000
0.0000
0.0000
0.0000
0.0000
0.0000
0.0000
0.0000
0.0000
0.0000
0.0000
0.0000
0.0000
0.0000
0.0000
0.0000
0.0000
0.0000
0.0000
0.0000
0.0000
0.0000
0.0000
0.0000
0.0000
0.0000
0.0000
0.0000
0.0000
0.0000
0.0000
0.0000
0.0000
0.0000
0.0000
0.0000
0.0000
0.0000
0.0000
0.0000
0.0000
0.0000
0.0000
0.0000
0.0000
0.0000
0.0000
0.0000
0.0000
0.0000
0.0000
0.0000
0.0000
0.0000
0.0000
0.0000
0.0000
0.0000
0.0000
0.0000
0.0000
0.0000
0.0000
0.0000
0.0000
0.0000
0.0000
0.0000
0.0000
0.0000
0.0000
0.0000
0.0000
0.0000
0.0000
0.0000
0.0000
0.0000
0.0000
0.0000
0.0000
0.0000
0.0000
0.0000
0.0000
0.0000
0.0000
0.0000
0.0000
0.0000
0.0000
0.0000
0.0000
0.0000
0.0000
0.0000
0.0000
0.0000
0.0000
0.0000
0.0000
0.0000
0.0000
0.0000
0.0000
0.0000
0.0000
0.0000
0.0000
0.0000
0.0000
0.0000
0.0000
0.0000
0.0000
0.0000
0.0000
0.0000
0.0000
0.0000
0.0000
0.0000
0.0000
0.0000
0.0000
0.0000
0.0000
0.0000
0.0000
0.0000
0.0000
0.0000
0.0000
0.0000
0.0000
0.0000
0.0000
0.0000
0.0000
0.0000
0.0000
0.0000
0.0000
0.0000
0.0000
0.0000
0.0000
0.0000
0.0000
0.0000
0.0000
0.0000
0.0000
0.0000
0.0000
0.0000
0.0000
0.0000
0.0000
0.0000
0.0000
0.0000
0.0000
0.0000
0.0000
0.0000
0.0000
0.0000
0.0000
0.0000
0.0000
0.0000
0.0000
0.0000
0.0000
0.0000
0.0000
0.0000
0.0000
0.0000
0.0000
0.0000
0.0000
0.0000
0.0000
0.0000
0.0000
0.0000
0.0000
0.0000
0.0000
0.0000
0.0000
0.0000
0.0000
0.0000
0.0000
0.0000
0.0000
0.0000
0.0000
0.0000
0.0000
0.0000
0.0000
0.0000
0.0000
0.0000
0.0000
0.0000
0.0000
0.0000
0.0000
0.0000
0.0000
0.0000
0.0000
0.0000
0.0000
0.0000
0.0000
0.0000
0.0000
0.0000
0.0000
0.0000
0.0000
0.0000
0.0000
0.0000
0.0000
0.0000
0.0000
0.0000
0.0000
0.0000
0.0000
0.0000
0.0000
0.0000
0.0000
0.0000
0.0000
0.0000
0.0000
0.0000
0.0000
0.0000
0.0000
0.0000
0.0000
0.0000
0.0000
0.0000
0.0000
0.0000
0.0000
0.0000
0.0000
0.0000
0.0000
0.0000
0.0000
0.0000
0.0000
0.0000
0.0000
0.0000
0.0000
0.0000
0.0000
0.0000
0.0000
0.0000
0.0000
0.0000
0.0000
0.0000
0.0000
0.0000
0.0000
0.0000
0.0000
0.0000
0.0000
0.0000
0.0000
0.0000
-0.0186
-0.0372
-0.0558
-0.0744
-0.0930
-0.1116
-0.1302
-0.1488
-0.1674
-0.1860
-0.2046
-0.2232
-0.2418
-0.2604
-0.2790
-0.2976
-0.3162
-0.3348
-0.3534
-0.3720
-0.3906
-0.4092
-0.4278
-0.4464
-0.4650
-0.4836
-0.5022
-0.5208
-0.5394
-0.5580
-0.5766
-0.5952
-0.6138
-0.6324
-0.6510
-0.6696
-0.6882
-0.7068
-0.7254
-0.7440
-0.7626
-0.7812
-0.7998
-0.8184
-0.8184
-0.7998
-0.7812
-0.7626
-0.7440
-0.7254
-0.7068
-0.6882
-0.6696
-0.6510
-0.6324
-0.6138
-0.5952
-0.5766
-0.5580
-0.5394
-0.5208
-0.5022
-0.4836
-0.4650
-0.4464
-0.4278
-0.4092
-0.3906
-0.3720
-0.3534
-0.3348
-0.3162
-0.2976
-0.2790
-0.2604
-0.2418
-0.2232
-0.2046
-0.1860
-0.1674
-0.1488
-0.1302
-0.1116
-0.0930
-0.0744
-0.0558
-0.0372
-0.0186
0.0000
0.0000
0.0186
0.0372
0.0558
0.0744
0.0930
0.1116
0.1302
0.1488
0.1674
0.1860
0.2046
0.2232
0.2418
0.2604
0.2790
0.2976
0.3162
0.3348
0.3534
0.3720
0.3906
0.4092
0.4278
0.4464
0.4650
0.4836
0.5022
0.5208
0.5394
0.5580
0.5766
0.5952
0.6138
0.6324
0.6510
0.6696
0.6882
0.7068
0.7254
0.7440
0.7626
0.7812
0.7998
0.8184
0.8184
0.7998
0.7812
0.7626
0.7440
0.7254
0.7068
0.6882
0.6696
0.6510
0.6324
0.6138
0.5952
0.5766
0.5580
0.5394
0.5208
0.5022
0.4836
0.4650
0.4464
0.4278
0.4092
0.3906
0.3720
0.3534
0.3348
0.3162
0.2976
0.2790
0.2604
0.2418
0.2232
0.2046
0.1860
0.1674
0.1488
0.1302
0.1116
0.0930
0.0744
0.0558
0.0372
0.0186
-0.0000
-0.0000
-0.0000
-0.0000
-0.0000
-0.0000
-0.0000
-0.0000
-0.0000
-0.0000
-0.0000
-0.0000
-0.0000
-0.0000
-0.0000
-0.0000
-0.0000
-0.0000
-0.0000
-0.0000
-0.0000
-0.0000
-0.0000
-0.0000
-0.0000
-0.0000
-0.0000
-0.0000
-0.0000
-0.0000
-0.0000
-0.0000
-0.0000
-0.0000
-0.0000
-0.0000
-0.0000
-0.0000
-0.0000
-0.0000
-0.0000
-0.0000
-0.0000
-0.0000
-0.0000
-0.0000
-0.0000
-0.0000
-0.0000
-0.0000
-0.0000
-0.0000
-0.0000
-0.0000
-0.0000
-0.0000
-0.0000
-0.0000
-0.0000
-0.0000
-0.0000
-0.0000
-0.0000
-0.0000
-0.0000
-0.0000
-0.0000
-0.0000
-0.0000
-0.0000
-0.0000
-0.0000
-0.0000
-0.0000
-0.0000
-0.0000
-0.0000
-0.0000
-0.0000
-0.0000
-0.0000
-0.0000
-0.0000
-0.0000
-0.0000
-0.0000
-0.0000
-0.0000
-0.0000
-0.0000
-0.0000
-0.0000
-0.0000
-0.0000
-0.0000
-0.0000
-0.0000
-0.0000
-0.0000
-0.0000
-0.0000
-0.0000
-0.0000
0.0186
0.0372
0.0558
0.0744
0.0930
0.1116
0.1302
0.1488
0.1674
0.1860
0.2046
0.2232
0.2418
0.2604
0.2790
0.2976
0.3162
0.3348
0.3534
0.3720
0.3906
0.4092
0.4278
0.4464
0.4650
0.4836
0.5022
0.5208
0.5394
0.5580
0.5766
0.5952
0.6138
0.6324
0.6510
0.6696
0.6882
0.7068
0.7254
0.7440
0.7626
0.7812
0.7998
0.8184
0.8184
0.7998
0.7812
0.7626
0.7440
0.7254
0.7068
0.6882
0.6696
0.6510
0.6324
0.6138
0.5952
0.5766
0.5580
0.5394
0.5208
0.5022
0.4836
0.4650
0.4464
0.4278
0.4092
0.3906
0.3720
0.3534
0.3348
0.3162
0.2976
0.2790
0.2604
0.2418
0.2232
0.2046
0.1860
0.1674
0.1488
0.1302
0.1116
0.0930
0.0744
0.0558
0.0372
0.0186
-0.0000
-0.0000
-0.0000
-0.0000
-0.0000
-0.0000
-0.0000
-0.0000
-0.0000
-0.0000
-0.0000
-0.0000
-0.0000
-0.0000
-0.0000
-0.0000
-0.0000
-0.0000
-0.0000
-0.0000
-0.0000
-0.0000
-0.0000
-0.0000
-0.0000
-0.0000
-0.0000
-0.0000
-0.0000
-0.0000
-0.0000
-0.0000
-0.0000
-0.0000
-0.0000
-0.0000
-0.0000
-0.0000
-0.0000
-0.0000
-0.0000
-0.0000
-0.0000
-0.0000
-0.0000
-0.0000
-0.0000
-0.0000
-0.0000
-0.0000
-0.0000
-0.0000
-0.0000
-0.0000
-0.0000
-0.0000
-0.0000
-0.0000
-0.0000
-0.0000
-0.0000
-0.0000
-0.0000
-0.0000
-0.0000
-0.0000
-0.0000
-0.0000
-0.0000
-0.0000
-0.0000
-0.0000
-0.0000
-0.0000
-0.0000
-0.0000
-0.0000
-0.0000
-0.0000
-0.0000
-0.0000
-0.0000
-0.0000
-0.0000
-0.0000
-0.0000
-0.0000
-0.0000
-0.0000
-0.0000
-0.0000
-0.0000
-0.0000
-0.0000
-0.0000
-0.0000
-0.0000
-0.0000
-0.0000
-0.0000
-0.0000
-0.0000
-0.0000
-0.0186
-0.0372
-0.0558
-0.0744
-0.0930
-0.1116
-0.1302
-0.1488
-0.1674
-0.1860
-0.2046
-0.2232
-0.2418
-0.2604
-0.2790
-0.2976
-0.3162
-0.3348
-0.3534
-0.3720
-0.3906
-0.4092
-0.4278
-0.4464
-0.4650
-0.4836
-0.5022
-0.5208
-0.5394
-0.5580
-0.5766
-0.5952
-0.6138
-0.6324
-0.6510
-0.6696
-0.6882
-0.7068
-0.7254
-0.7440
-0.7626
-0.7812
-0.7998
-0.8184
-0.8184
-0.7998
-0.7812
-0.7626
-0.7440
-0.7254
-0.7068
-0.6882
-0.6696
-0.6510
-0.6324
-0.6138
-0.5952
-0.5766
-0.5580
-0.5394
-0.5208
-0.5022
-0.4836
-0.4650
-0.4464
-0.4278
-0.4092
-0.3906
-0.3720
-0.3534
-0.3348
-0.3162
-0.2976
-0.2790
-0.2604
-0.2418
-0.2232
-0.2046
-0.1860
-0.1674
-0.1488
-0.1302
-0.1116
-0.0930
-0.0744
-0.0558
-0.0372
-0.0186
0.0000
0.0000
0.0000
0.0000
0.0000
0.0000
0.0000
0.0000
0.0000
0.0000
0.0000
0.0000
0.0000
0.0000
0.0000
0.0000
0.0000
0.0000
0.0000
0.0000
0.0000
0.0000
0.0000
0.0000
0.0000
0.0000
0.0000
0.0000
0.0000
0.0000
0.0000
0.0000
0.0000
0.0000
0.0000
0.0000
0.0000
0.0000
0.0000
0.0000
0.0000
0.0000
0.0000
0.0000
0.0000
0.0000
0.0000
0.0000
0.0000
0.0000
0.0000
0.0000
0.0000
0.0000
0.0000
0.0000
0.0000
0.0000
0.0000
0.0000
0.0000
0.0000
0.0000
0.0000
0.0000
0.0000
0.0000
0.0000
0.0000
0.0000
0.0000
0.0000
0.0000
0.0000
0.0000
0.0000
0.0000
0.0000
0.0000
0.0000
0.0000
0.0000
0.0000
0.0000
0.0000
0.0000
0.0000
0.0000
0.0000
0.0000
0.0000
0.0000
0.0000
0.0000
0.0000
0.0000
0.0000
0.0000
0.0000
0.0000
0.0000
0.0000
0.0000
0.0000
0.0000
0.0000
0.0000
0.0000
0.0000
0.0000
0.0000
0.0000
0.0000
0.0000
0.0000
0.0000
0.0000
0.0000
0.0000
0.0000
0.0000
0.0000
0.0000
0.0000
0.0000
0.0000
0.0000
0.0000
0.0000
0.0000
0.0000
0.0000
0.0000
0.0000
0.0000
0.0000
0.0000
0.0000
0.0000
0.0000
0.0000
0.0000
0.0000
0.0000
0.0000
0.0000
0.0000
0.0000
0.0000
0.0000
0.0000
0.0000
0.0000
0.0000
0.0000
0.0000
0.0000
0.0000
0.0000
0.0000
0.0000
0.0000
0.0000
0.0000
0.0000
0.0000
0.0000
0.0000
0.0000
0.0000
0.0000
0.0000
0.0000
0.0000
0.0000
0.0000
0.0000
0.0000
0.0000
0.0000
0.0000
0.0000
0.0000
0.0000
0.0000
0.0000
0.0000
0.0000
0.0000
0.0000
0.0000
0.0000
0.0000
0.0000
0.0000
0.0000
0.0000
0.0000
0.0000
0.0000
0.0000
0.0000
0.0000
0.0000
0.0000
0.0000
0.0000
0.0000
0.0000
0.0000
0.0000
0.0000
0.0000
0.0000
0.0000
0.0000
0.0000
0.0000
0.0000
0.0000
0.0000
0.0000
0.0000
0.0000
0.0000
0.0000
0.0000
0.0000
0.0000
0.0000
0.0000
0.0000
0.0000
0.0000
0.0000
0.0000
0.0000
0.0000
0.0000
0.0000
0.0000
0.0000
0.0000
0.0000
0.0000
0.0000
0.0000
0.0000
0.0000
0.0000
0.0000
0.0000
0.0000
0.0000
0.0000
0.0000
0.0000
0.0000
0.0000
0.0000
0.0000
0.0000
0.0000
0.0000
0.0000
0.0000
0.0000
0.0000
0.0000
0.0000
0.0000
0.0000
0.0000
0.0000
0.0000
0.0000
0.0000
0.0000
0.0000
0.0000
0.0000
0.0000
0.0000
0.0000
0.0000
0.0000
0.0000
0.0000
0.0000
0.0000
0.0000
0.0000
0.0000
0.0000
0.0000
0.0000
0.0000
0.0000
0.0000
0.0000
0.0000
0.0000
0.0000
0.0000
0.0000
0.0000
0.0000
0.0000
0.0000
0.0000
0.0000
0.0000
0.0000
0.0000
0.0000
0.0000
0.0000
0.0000
0.0000
0.0000
0.0000
0.0000
0.0000
0.0000
0.0000
0.0000
0.0000
0.0000
0.0000
0.0000
0.0000
0.0000
0.0000
0.0000
0.0000
0.0000
0.0000
0.0000
0.0000
0.0000
0.0000
0.0000
0.0000
0.0000
0.0000
0.0000
0.0000
0.0000
0.0000
0.0000
0.0000
0.0000
0.0000
0.0000
0.0000
0.0000
0.0000
0.0000
0.0000
0.0000
0.0000
0.0000
0.0000
0.0000
0.0000
0.0000
0.0000
0.0000
0.0000
0.0000
0.0000
0.0000
0.0000
0.0000
0.0000
0.0000
0.0000
0.0000
0.0000
0.0000
0.0000
0.0000
0.0000
0.0000
0.0000
0.0000
0.0000
0.0000
0.0000
0.0000
0.0000
0.0000
0.0000
0.0000
0.0000
0.0000
0.0000
0.0000
0.0000
0.0000
0.0000
0.0000
0.0000
0.0000
0.0000
0.0000
0.0000
0.0000
0.0000
0.0000
0.0000
0.0000
0.0000
0.0000
0.0000
0.0000
0.0000
0.0000
0.0000
0.0000
0.0000
0.0000
0.0000
0.0000
0.0000
0.0000
0.0000
0.0000
0.0000
0.0000
0.0000
0.0000
0.0000
0.0000
0.0000
0.0000
0.0000
0.0000
0.0000
0.0000
0.0000
0.0000
0.0000
0.0000
0.0000
0.0000
0.0000
0.0000
0.0000
0.0000
0.0000
0.0000
0.0000
0.0000
0.0000
0.0000
0.0000
0.0000
0.0000
0.0000
0.0000
0.0000
0.0000
0.0000
0.0000
0.0000
0.0000
0.0000
0.0000
0.0000
0.0000
0.0000
0.0000
0.0000
0.0000
0.0000
0.0000
0.0000
0.0000
0.0000
0.0000
0.0000
0.0000
0.0000
0.0000
0.0000
0.0000
0.0000
0.0000
0.0000
0.0000
0.0000
0.0000
0.0000
0.0000
0.0000
0.0000
0.0000
0.0000
0.0000
0.0000
0.0000
0.0000
0.0000
0.0000
0.0000
0.0000
0.0186
0.0372
0.0558
0.0744
0.0930
0.1116
0.1302
0.1488
0.1674
0.1860
0.2046
0.2232
0.2418
0.2604
0.2790
0.2976
0.3162
0.3348
0.3534
0.3720
0.3906
0.4092
0.4278
0.4464
0.4650
0.4836
0.5022
0.5208
0.5394
0.5580
0.5766
0.5952
0.6138
0.6324
0.6510
0.6696
0.6882
0.7068
0.7254
0.7440
0.7626
0.7812
0.7998
0.8184
0.8184
0.8370
0.8556
0.8742
0.8928
0.9114
0.9300
0.9486
0.9672
0.9858
1.0044
1.0230
1.0416
1.0602
1.0788
1.0974
1.1160
1.1346
1.1532
1.1718
1.1904
1.2090
1.2276
1.2462
1.2648
1.2834
1.3020
1.3206
1.3392
1.3578
1.3764
1.3950
1.4136
1.4322
1.4508
1.4694
1.4880
1.5066
1.5252
1.5438
1.5624
1.5810
1.5996
1.6182
1.6368
1.6368
1.6368
1.6368
1.6368
1.6368
1.6368
1.6368
1.6368
1.6368
1.6368
1.6368
1.6368
1.6368
1.6368
1.6368
1.6368
1.6368
1.6368
1.6368
1.6368
1.6368
1.6368
1.6368
1.6368
1.6368
1.6368
1.6368
1.6368
1.6368
1.6368
1.6368
1.6368
1.6368
1.6368
1.6368
1.6368
1.6368
1.6368
1.6368
1.6368
1.6368
1.6368
1.6368
1.6368
1.6368
1.6368
1.6368
1.6368
1.6368
1.6368
1.6368
1.6368
1.6368
1.6368
1.6368
1.6368
1.6368
1.6368
1.6368
1.6368
1.6368
1.6368
1.6368
1.6368
1.6368
1.6368
1.6368
1.6368
1.6368
1.6368
1.6368
1.6368
1.6368
1.6368
1.6368
1.6368
1.6368
1.6368
1.6368
1.6368
1.6368
1.6368
1.6368
1.6368
1.6368
1.6368
1.6368
1.6368
1.6368
1.6368
1.6368
1.6368
1.6368
1.6368
1.6368
1.6368
1.6368
1.6368
1.6368
1.6368
1.6368
1.6368
1.6554
1.6740
1.6926
1.7112
1.7298
1.7484
1.7670
1.7856
1.8042
1.8228
1.8414
1.8600
1.8786
1.8972
1.9158
1.9344
1.9530
1.9716
1.9902
2.0088
2.0274
2.0460
2.0646
2.0832
2.1018
2.1204
2.1390
2.1576
2.1762
2.1948
2.2134
2.2320
2.2506
2.2692
2.2878
2.3064
2.3250
2.3436
2.3622
2.3808
2.3994
2.4180
2.4366
2.4552
2.4552
2.4366
2.4180
2.3994
2.3808
2.3622
2.3436
2.3250
2.3064
2.2878
2.2692
2.2506
2.2320
2.2134
2.1948
2.1762
2.1576
2.1390
2.1204
2.1018
2.0832
2.0646
2.0460
2.0274
2.0088
1.9902
1.9716
1.9530
1.9344
1.9158
1.8972
1.8786
1.8600
1.8414
1.8228
1.8042
1.7856
1.7670
1.7484
1.7298
1.7112
1.6926
1.6740
1.6554
1.6368
1.6368
1.6368
1.6368
1.6368
1.6368
1.6368
1.6368
1.6368
1.6368
1.6368
1.6368
1.6368
1.6368
1.6368
1.6368
1.6368
1.6368
1.6368
1.6368
1.6368
1.6368
1.6368
1.6368
1.6368
1.6368
1.6368
1.6368
1.6368
1.6368
1.6368
1.6368
1.6368
1.6368
1.6368
1.6368
1.6368
1.6368
1.6368
1.6368
1.6368
1.6368
1.6368
1.6368
1.6368
1.6368
1.6368
1.6368
1.6368
1.6368
1.6368
1.6368
1.6368
1.6368
1.6368
1.6368
1.6368
1.6368
1.6368
1.6368
1.6368
1.6368
1.6368
1.6368
1.6368
1.6368
1.6368
1.6368
1.6368
1.6368
1.6368
1.6368
1.6368
1.6368
1.6368
1.6368
1.6368
1.6368
1.6368
1.6368
1.6368
1.6368
1.6368
1.6368
1.6368
1.6368
1.6368
1.6368
1.6368
1.6368
1.6368
1.6368
1.6368
1.6368
1.6368
1.6368
1.6368
1.6368
1.6368
1.6368
1.6368
1.6368
1.6368
1.6554
1.6740
1.6926
1.7112
1.7298
1.7484
1.7670
1.7856
1.8042
1.8228
1.8414
1.8600
1.8786
1.8972
1.9158
1.9344
1.9530
1.9716
1.9902
2.0088
2.0274
2.0460
2.0646
2.0832
2.1018
2.1204
2.1390
2.1576
2.1762
2.1948
2.2134
2.2320
2.2506
2.2692
2.2878
2.3064
2.3250
2.3436
2.3622
2.3808
2.3994
2.4180
2.4366
2.4552
2.4552
2.4366
2.4180
2.3994
2.3808
2.3622
2.3436
2.3250
2.3064
2.2878
2.2692
2.2506
2.2320
2.2134
2.1948
2.1762
2.1576
2.1390
2.1204
2.1018
2.0832
2.0646
2.0460
2.0274
2.0088
1.9902
1.9716
1.9530
1.9344
1.9158
1.8972
1.8786
1.8600
1.8414
1.8228
1.8042
1.7856
1.7670
1.7484
1.7298
1.7112
1.6926
1.6740
1.6554
1.6368
1.6368
1.6368
1.6368
1.6368
1.6368
1.6368
1.6368
1.6368
1.6368
1.6368
1.6368
1.6368
1.6368
1.6368
1.6368
1.6368
1.6368
1.6368
1.6368
1.6368
1.6368
1.6368
1.6368
1.6368
1.6368
1.6368
1.6368
1.6368
1.6368
1.6368
1.6368
1.6368
1.6368
1.6368
1.6368
1.6368
1.6368
1.6368
1.6368
1.6368
1.6368
1.6368
1.6368
1.6368
1.6368
1.6368
1.6368
1.6368
1.6368
1.6368
1.6368
1.6368
1.6368
1.6368
1.6368
1.6368
1.6368
1.6368
1.6368
1.6368
1.6368
1.6368
1.6368
1.6368
1.6368
1.6368
1.6368
1.6368
1.6368
1.6368
1.6368
1.6368
1.6368
1.6368
1.6368
1.6368
1.6368
1.6368
1.6368
1.6368
1.6368
1.6368
1.6368
1.6368
1.6368
1.6368
1.6368
1.6368
1.6368
1.6368
1.6368
1.6368
1.6368
1.6368
1.6368
1.6368
1.6368
1.6368
1.6368
1.6368
1.6368
1.6368
1.6368
1.6368
1.6368
1.6368
1.6368
1.6368
1.6368
1.6368
1.6368
1.6368
1.6368
1.6368
1.6368
1.6368
1.6368
1.6368
1.6368
1.6368
1.6368
1.6368
1.6368
1.6368
1.6368
1.6368
1.6368
1.6368
1.6368
1.6368
1.6368
1.6368
1.6368
1.6368
1.6368
1.6368
1.6368
1.6368
1.6368
1.6368
1.6368
1.6368
1.6368
1.6368
1.6368
1.6368
1.6368
1.6368
1.6368
1.6368
1.6368
1.6368
1.6368
1.6368
1.6368
1.6368
1.6368
1.6368
1.6368
1.6368
1.6368
1.6368
1.6368
1.6368
1.6368
1.6368
1.6368
1.6368
1.6368
1.6368
1.6368
1.6368
1.6368
1.6368
1.6368
1.6368
1.6368
1.6368
1.6368
1.6368
1.6368
1.6368
1.6368
1.6368
1.6368
1.6368
1.6368
1.6368
1.6368
1.6368
1.6368
1.6368
1.6368
1.6368
1.6368
1.6368
1.6368
1.6368
1.6368
1.6368
1.6368
1.6368
1.6368
1.6368
1.6368
1.6368
1.6368
1.6368
1.6368
1.6368
1.6368
1.6368
1.6368
1.6368
1.6368
1.6368
1.6368
1.6368
1.6368
1.6368
1.6368
1.6368
1.6368
1.6368
1.6368
1.6368
1.6368
1.6368
1.6368
1.6368
1.6368
1.6368
1.6368
1.6368
1.6368
1.6368
1.6368
1.6368
1.6368
1.6368
1.6368
1.6368
1.6368
1.6368
1.6368
1.6368
1.6368
1.6368
1.6368
1.6368
1.6368
1.6368
1.6368
1.6368
1.6368
1.6368
1.6368
1.6368
1.6368
1.6368
1.6368
1.6368
1.6368
1.6368
1.6368
1.6368
1.6368
1.6368
1.6368
1.6368
1.6368
1.6368
1.6368
1.6368
1.6368
1.6368
1.6368
1.6368
1.6368
1.6368
1.6368
1.6368
1.6368
1.6368
1.6368
1.6368
1.6368
1.6368
1.6368
1.6368
1.6368
1.6368
1.6368
1.6368
1.6368
1.6368
1.6368
1.6368
1.6368
1.6368
1.6368
1.6368
1.6368
1.6368
1.6554
1.6740
1.6926
1.7112
1.7298
1.7484
1.7670
1.7856
1.8042
1.8228
1.8414
1.8600
1.8786
1.8972
1.9158
1.9344
1.9530
1.9716
1.9902
2.0088
2.0274
2.0460
2.0646
2.0832
2.1018
2.1204
2.1390
2.1576
2.1762
2.1948
2.2134
2.2320
2.2506
2.2692
2.2878
2.3064
2.3250
2.3436
2.3622
2.3808
2.3994
2.4180
2.4366
2.4552
2.4552
2.4552
2.4552
2.4552
2.4552
2.4552
2.4552
2.4552
2.4552
2.4552
2.4552
2.4552
2.4552
2.4552
2.4552
2.4552
2.4552
2.4552
2.4552
2.4552
2.4552
2.4552
2.4552
2.4552
2.4552
2.4552
2.4552
2.4552
2.4552
2.4552
2.4552
2.4552
2.4552
2.4552
2.4552
2.4552
2.4552
2.4552
2.4552
2.4552
2.4552
2.4552
2.4552
2.4552
2.4552
2.4552
2.4552
2.4552
2.4552
2.4552
2.4552
2.4552
2.4552
2.4552
2.4552
2.4552
2.4552
2.4552
2.4552
2.4552
2.4552
2.4552
2.4552
2.4552
2.4552
2.4552
2.4552
2.4552
2.4552
2.4552
2.4552
2.4552
2.4552
2.4552
2.4552
2.4552
2.4552
2.4552
2.4552
2.4552
2.4552
2.4552
2.4552
2.4552
2.4552
2.4552
2.4552
2.4552
2.4552
2.4552
2.4552
2.4552
2.4552
2.4552
2.4552
2.4552
2.4552
2.4552
2.4552
2.4552
2.4552
2.4552
2.4738
2.4924
2.5110
2.5296
2.5482
2.5668
2.5854
2.6040
2.6226
2.6412
2.6598
2.6784
2.6970
2.7156
2.7342
2.7528
2.7714
2.7900
2.8086
2.8272
2.8458
2.8644
2.8830
2.9016
2.9202
2.9388
2.9574
2.9760
2.9946
3.0132
3.0318
3.0504
3.0690
3.0876
3.1062
3.1248
3.1434
3.1620
3.1806
3.1992
3.2178
3.2364
3.2550
3.2736
3.2736
3.2736
3.2736
3.2736
3.2736
3.2736
3.2736
3.2736
3.2736
3.2736
3.2736
3.2736
3.2736
3.2736
3.2736
3.2736
3.2736
3.2736
3.2736
3.2736
3.2736
3.2736
3.2736
3.2736
3.2736
3.2736
3.2736
3.2736
3.2736
3.2736
3.2736
3.2736
3.2736
3.2736
3.2736
3.2736
3.2736
3.2736
3.2736
3.2736
3.2736
3.2736
3.2736
3.2736
3.2736
3.2736
3.2736
3.2736
3.2736
3.2736
3.2736
3.2736
3.2736
3.2736
3.2736
3.2736
3.2736
3.2736
3.2736
3.2736
3.2736
3.2736
3.2736
3.2736
3.2736
3.2736
3.2736
3.2736
3.2736
3.2736
3.2736
3.2736
3.2736
3.2736
3.2736
3.2736
3.2736
3.2736
3.2736
3.2736
3.2736
3.2736
3.2736
3.2736
3.2736
3.2736
3.2736
3.2736
3.2736
3.2736
3.2736
3.2736
3.2736
3.2736
3.2736
3.2736
3.2736
3.2736
3.2736
3.2736
3.2736
3.2736
3.2550
3.2364
3.2178
3.1992
3.1806
3.1620
3.1434
3.1248
3.1062
3.0876
3.0690
3.0504
3.0318
3.0132
2.9946
2.9760
2.9574
2.9388
2.9202
2.9016
2.8830
2.8644
2.8458
2.8272
2.8086
2.7900
2.7714
2.7528
2.7342
2.7156
2.6970
2.6784
2.6598
2.6412
2.6226
2.6040
2.5854
2.5668
2.5482
2.5296
2.5110
2.4924
2.4738
2.4552
2.4552
2.4738
2.4924
2.5110
2.5296
2.5482
2.5668
2.5854
2.6040
2.6226
2.6412
2.6598
2.6784
2.6970
2.7156
2.7342
2.7528
2.7714
2.7900
2.8086
2.8272
2.8458
2.8644
2.8830
2.9016
2.9202
2.9388
2.9574
2.9760
2.9946
3.0132
3.0318
3.0504
3.0690
3.0876
3.1062
3.1248
3.1434
3.1620
3.1806
3.1992
3.2178
3.2364
3.2550
3.2736
3.2736
3.2736
3.2736
3.2736
3.2736
3.2736
3.2736
3.2736
3.2736
3.2736
3.2736
3.2736
3.2736
3.2736
3.2736
3.2736
3.2736
3.2736
3.2736
3.2736
3.2736
3.2736
3.2736
3.2736
3.2736
3.2736
3.2736
3.2736
3.2736
3.2736
3.2736
3.2736
3.2736
3.2736
3.2736
3.2736
3.2736
3.2736
3.2736
3.2736
3.2736
3.2736
3.2736
3.2736
3.2736
3.2736
3.2736
3.2736
3.2736
3.2736
3.2736
3.2736
3.2736
3.2736
3.2736
3.2736
3.2736
3.2736
3.2736
3.2736
3.2736
3.2736
3.2736
3.2736
3.2736
3.2736
3.2736
3.2736
3.2736
3.2736
3.2736
3.2736
3.2736
3.2736
3.2736
3.2736
3.2736
3.2736
3.2736
3.2736
3.2736
3.2736
3.2736
3.2736
3.2736
3.2736
3.2736
3.2736
3.2736
3.2736
3.2736
3.2736
3.2736
3.2736
3.2736
3.2736
3.2736
3.2736
3.2736
3.2736
3.2736
3.2736
3.2550
3.2364
3.2178
3.1992
3.1806
3.1620
3.1434
3.1248
3.1062
3.0876
3.0690
3.0504
3.0318
3.0132
2.9946
2.9760
2.9574
2.9388
2.9202
2.9016
2.8830
2.8644
2.8458
2.8272
2.8086
2.7900
2.7714
2.7528
2.7342
2.7156
2.6970
2.6784
2.6598
2.6412
2.6226
2.6040
2.5854
2.5668
2.5482
2.5296
2.5110
2.4924
2.4738
2.4552
2.4552
2.4366
2.4180
2.3994
2.3808
2.3622
2.3436
2.3250
2.3064
2.2878
2.2692
2.2506
2.2320
2.2134
2.1948
2.1762
2.1576
2.1390
2.1204
2.1018
2.0832
2.0646
2.0460
2.0274
2.0088
1.9902
1.9716
1.9530
1.9344
1.9158
1.8972
1.8786
1.8600
1.8414
1.8228
1.8042
1.7856
1.7670
1.7484
1.7298
1.7112
1.6926
1.6740
1.6554
1.6368
1.6368
1.6182
1.5996
1.5810
1.5624
1.5438
1.5252
1.5066
1.4880
1.4694
1.4508
1.4322
1.4136
1.3950
1.3764
1.3578
1.3392
1.3206
1.3020
1.2834
1.2648
1.2462
1.2276
1.2090
1.1904
1.1718
1.1532
1.1346
1.1160
1.0974
1.0788
1.0602
1.0416
1.0230
1.0044
0.9858
0.9672
0.9486
0.9300
0.9114
0.8928
0.8742
0.8556
0.8370
0.8184
0.8184
0.8184
0.8184
0.8184
0.8184
0.8184
0.8184
0.8184
0.8184
0.8184
0.8184
0.8184
0.8184
0.8184
0.8184
0.8184
0.8184
0.8184
0.8184
0.8184
0.8184
0.8184
0.8184
0.8184
0.8184
0.8184
0.8184
0.8184
0.8184
0.8184
0.8184
0.8184
0.8184
0.8184
0.8184
0.8184
0.8184
0.8184
0.8184
0.8184
0.8184
0.8184
0.8184
0.8184
0.8184
0.8184
0.8184
0.8184
0.8184
0.8184
0.8184
0.8184
0.8184
0.8184
0.8184
0.8184
0.8184
0.8184
0.8184
0.8184
0.8184
0.8184
0.8184
0.8184
0.8184
0.8184
0.8184
0.8184
0.8184
0.8184
0.8184
0.8184
0.8184
0.8184
0.8184
0.8184
0.8184
0.8184
0.8184
0.8184
0.8184
0.8184
0.8184
0.8184
0.8184
0.8184
0.8184
0.8184
0.8184
0.8184
0.8184
0.8184
0.8184
0.8184
0.8184
0.8184
0.8184
0.8184
0.8184
0.8184
0.8184
0.8184
0.8184
0.8184
0.8184
0.8184
0.8184
0.8184
0.8184
0.8184
0.8184
0.8184
0.8184
0.8184
0.8184
0.8184
0.8184
0.8184
0.8184
0.8184
0.8184
0.8184
0.8184
0.8184
0.8184
0.8184
0.8184
0.8184
0.8184
0.8184
0.8184
0.8184
0.8184
0.8184
0.8184
0.8184
0.8184
0.8184
0.8184
0.8184
0.8184
0.8184
0.8184
0.8184
0.8184
0.8184
0.8184
0.8184
0.8184
0.8184
0.8184
0.8184
0.8184
0.8184
0.8184
0.8184
0.8184
0.8184
0.8184
0.8184
0.8184
0.8184
0.8184
0.8184
0.8184
0.8184
0.8184
0.8184
0.8184
0.8184
0.8184
0.8184
0.8184
0.8184
0.8184
0.8184
0.8184
0.8184
0.8184
0.8184
0.8184
0.8184
0.8184
0.8184
0.8184
0.8184
0.8184
0.8184
0.8184
0.8184
0.8184
0.8184
0.8184
0.8184
0.8184
0.8184
0.8184
0.8184
0.8184
0.8184
0.8184
0.8184
0.8184
0.8370
0.8556
0.8742
0.8928
0.9114
0.9300
0.9486
0.9672
0.9858
1.0044
1.0230
1.0416
1.0602
1.0788
1.0974
1.1160
1.1346
1.1532
1.1718
1.1904
1.2090
1.2276
1.2462
1.2648
1.2834
1.3020
1.3206
1.3392
1.3578
1.3764
1.3950
1.4136
1.4322
1.4508
1.4694
1.4880
1.5066
1.5252
1.5438
1.5624
1.5810
1.5996
1.6182
1.6368
1.6368
1.6554
1.6740
1.6926
1.7112
1.7298
1.7484
1.7670
1.7856
1.8042
1.8228
1.8414
1.8600
1.8786
1.8972
1.9158
1.9344
1.9530
1.9716
1.9902
2.0088
2.0274
2.0460
2.0646
2.0832
2.1018
2.1204
2.1390
2.1576
2.1762
2.1948
2.2134
2.2320
2.2506
2.2692
2.2878
2.3064
2.3250
2.3436
2.3622
2.3808
2.3994
2.4180
2.4366
2.4552
2.4552
2.4552
2.4552
2.4552
2.4552
2.4552
2.4552
2.4552
2.4552
2.4552
2.4552
2.4552
2.4552
2.4552
2.4552
2.4552
2.4552
2.4552
2.4552
2.4552
2.4552
2.4552
2.4552
2.4552
2.4552
2.4552
2.4552
2.4552
2.4552
2.4552
2.4552
2.4552
2.4552
2.4552
2.4552
2.4552
2.4552
2.4552
2.4552
2.4552
2.4552
2.4552
2.4552
2.4552
2.4552
2.4552
2.4552
2.4552
2.4552
2.4552
2.4552
2.4552
2.4552
2.4552
2.4552
2.4552
2.4552
2.4552
2.4552
2.4552
2.4552
2.4552
2.4552
2.4552
2.4552
2.4552
2.4552
2.4552
2.4552
2.4552
2.4552
2.4552
2.4552
2.4552
2.4552
2.4552
2.4552
2.4552
2.4552
2.4552
2.4552
2.4552
2.4552
2.4552
2.4552
2.4552
2.4552
2.4552
2.4552
2.4552
2.4552
2.4552
2.4552
2.4552
2.4552
2.4552
2.4552
2.4552
2.4552
2.4552
2.4552
2.4552
2.4366
2.4180
2.3994
2.3808
2.3622
2.3436
2.3250
2.3064
2.2878
2.2692
2.2506
2.2320
2.2134
2.1948
2.1762
2.1576
2.1390
2.1204
2.1018
2.0832
2.0646
2.0460
2.0274
2.0088
1.9902
1.9716
1.9530
1.9344
1.9158
1.8972
1.8786
1.8600
1.8414
1.8228
1.8042
1.7856
1.7670
1.7484
1.7298
1.7112
1.6926
1.6740
1.6554
1.6368
1.6368
1.6554
1.6740
1.6926
1.7112
1.7298
1.7484
1.7670
1.7856
1.8042
1.8228
1.8414
1.8600
1.8786
1.8972
1.9158
1.9344
1.9530
1.9716
1.9902
2.0088
2.0274
2.0460
2.0646
2.0832
2.1018
2.1204
2.1390
2.1576
2.1762
2.1948
2.2134
2.2320
2.2506
2.2692
2.2878
2.3064
2.3250
2.3436
2.3622
2.3808
2.3994
2.4180
2.4366
2.4552
2.4552
2.4366
2.4180
2.3994
2.3808
2.3622
2.3436
2.3250
2.3064
2.2878
2.2692
2.2506
2.2320
2.2134
2.1948
2.1762
2.1576
2.1390
2.1204
2.1018
2.0832
2.0646
2.0460
2.0274
2.0088
1.9902
1.9716
1.9530
1.9344
1.9158
1.8972
1.8786
1.8600
1.8414
1.8228
1.8042
1.7856
1.7670
1.7484
1.7298
1.7112
1.6926
1.6740
1.6554
1.6368
1.6368
1.6368
1.6368
1.6368
1.6368
1.6368
1.6368
1.6368
1.6368
1.6368
1.6368
1.6368
1.6368
1.6368
1.6368
1.6368
1.6368
1.6368
1.6368
1.6368
1.6368
1.6368
1.6368
1.6368
1.6368
1.6368
1.6368
1.6368
1.6368
1.6368
1.6368
1.6368
1.6368
1.6368
1.6368
1.6368
1.6368
1.6368
1.6368
1.6368
1.6368
1.6368
1.6368
1.6368
1.6368
1.6368
1.6368
1.6368
1.6368
1.6368
1.6368
1.6368
1.6368
1.6368
1.6368
1.6368
1.6368
1.6368
1.6368
1.6368
1.6368
1.6368
1.6368
1.6368
1.6368
1.6368
1.6368
1.6368
1.6368
1.6368
1.6368
1.6368
1.6368
1.6368
1.6368
1.6368
1.6368
1.6368
1.6368
1.6368
1.6368
1.6368
1.6368
1.6368
1.6368
1.6368
1.6368
1.6368
1.6368
1.6368
1.6368
1.6368
1.6368
1.6368
1.6368
1.6368
1.6368
1.6368
1.6368
1.6368
1.6368
1.6368
1.6368
1.6368
1.6368
1.6368
1.6368
1.6368
1.6368
1.6368
1.6368
1.6368
1.6368
1.6368
1.6368
1.6368
1.6368
1.6368
1.6368
1.6368
1.6368
1.6368
1.6368
1.6368
1.6368
1.6368
1.6368
1.6368
1.6368
1.6368
1.6368
1.6368
1.6368
1.6368
1.6368
1.6368
1.6368
1.6368
1.6368
1.6368
1.6368
1.6368
1.6368
1.6368
1.6368
1.6368
1.6368
1.6368
1.6368
1.6368
1.6368
1.6368
1.6368
1.6368
1.6368
1.6368
1.6368
1.6368
1.6368
1.6368
1.6368
1.6368
1.6368
1.6368
1.6368
1.6368
1.6368
1.6368
1.6368
1.6368
1.6368
1.6368
1.6368
1.6368
1.6368
1.6368
1.6368
1.6368
1.6368
1.6368
1.6368
1.6368
1.6368
1.6368
1.6368
1.6368
1.6368
1.6368
1.6368
1.6368
1.6368
1.6368
1.6368
1.6368
1.6368
1.6368
1.6368
1.6368
1.6368
1.6368
1.6368
1.6368
1.6368
1.6368
1.6368
1.6368
1.6368
1.6368
1.6368
1.6368
1.6368
1.6368
1.6368
1.6368
1.6368
1.6368
1.6368
1.6368
1.6368
1.6368
1.6368
1.6368
1.6368
1.6368
1.6368
1.6368
1.6368
1.6368
1.6368
1.6368
1.6368
1.6368
1.6368
1.6368
1.6368
1.6368
1.6368
1.6368
1.6368
1.6368
1.6368
1.6368
1.6368
1.6368
1.6368
1.6368
1.6368
1.6368
1.6368
1.6368
1.6368
1.6368
1.6368
1.6368
1.6368
1.6368
1.6368
1.6368
1.6368
1.6368
1.6368
1.6368
1.6368
1.6368
1.6368
1.6368
1.6368
1.6368
1.6368
1.6368
1.6368
1.6368
1.6368
1.6368
1.6368
1.6368
1.6368
1.6368
1.6368
1.6368
1.6368
1.6368
1.6368
1.6368
1.6368
1.6368
1.6368
1.6368
1.6368
1.6368
1.6368
1.6368
1.6368
1.6368
1.6368
1.6368
1.6368
1.6368
1.6368
1.6368
1.6368
1.6368
1.6368
1.6368
1.6368
1.6368
1.6368
1.6368
1.6368
1.6368
1.6368
1.6368
1.6368
1.6368
1.6368
1.6368
1.6368
1.6368
1.6368
1.6368
1.6368
1.6368
1.6368
1.6368
1.6368
1.6368
1.6368
1.6368
1.6368
1.6368
1.6368
1.6368
1.6368
1.6368
1.6368
1.6368
1.6368
1.6368
1.6368
1.6368
1.6368
1.6368
1.6368
1.6368
1.6368
1.6368
1.6368
1.6368
1.6368
1.6368
1.6368
1.6368
1.6368
1.6368
1.6368
1.6368
1.6368
1.6368
1.6368
1.6368
1.6368
1.6368
1.6368
1.6368
1.6368
1.6368
1.6368
1.6368
1.6368
1.6368
1.6368
1.6368
1.6368
1.6368
1.6368
1.6368
1.6368
1.6368
1.6368
1.6368
1.6368
1.6368
1.6368
1.6368
1.6368
1.6368
1.6368
1.6368
1.6368
1.6368
1.6368
1.6368
1.6368
1.6368
1.6368
1.6368
1.6368
1.6368
1.6368
1.6368
1.6368
1.6368
1.6368
1.6368
1.6368
1.6554
1.6740
1.6926
1.7112
1.7298
1.7484
1.7670
1.7856
1.8042
1.8228
1.8414
1.8600
1.8786
1.8972
1.9158
1.9344
1.9530
1.9716
1.9902
2.0088
2.0274
2.0460
2.0646
2.0832
2.1018
2.1204
2.1390
2.1576
2.1762
2.1948
2.2134
2.2320
2.2506
2.2692
2.2878
2.3064
2.3250
2.3436
2.3622
2.3808
2.3994
2.4180
2.4366
2.4552
2.4552
2.4552
2.4552
2.4552
2.4552
2.4552
2.4552
2.4552
2.4552
2.4552
2.4552
2.4552
2.4552
2.4552
2.4552
2.4552
2.4552
2.4552
2.4552
2.4552
2.4552
2.4552
2.4552
2.4552
2.4552
2.4552
2.4552
2.4552
2.4552
2.4552
2.4552
2.4552
2.4552
2.4552
2.4552
2.4552
2.4552
2.4552
2.4552
2.4552
2.4552
2.4552
2.4552
2.4552
2.4552
2.4552
2.4552
2.4552
2.4552
2.4552
2.4552
2.4552
2.4552
2.4552
2.4552
2.4552
2.4552
2.4552
2.4552
2.4552
2.4552
2.4552
2.4552
2.4552
2.4552
2.4552
2.4552
2.4552
2.4552
2.4552
2.4552
2.4552
2.4552
2.4552
2.4552
2.4552
2.4552
2.4552
2.4552
2.4552
2.4552
2.4552
2.4552
2.4552
2.4552
2.4552
2.4552
2.4552
2.4552
2.4552
2.4552
2.4552
2.4552
2.4552
2.4552
2.4552
2.4552
2.4552
2.4552
2.4552
2.4552
2.4552
2.4366
2.4180
2.3994
2.3808
2.3622
2.3436
2.3250
2.3064
2.2878
2.2692
2.2506
2.2320
2.2134
2.1948
2.1762
2.1576
2.1390
2.1204
2.1018
2.0832
2.0646
2.0460
2.0274
2.0088
1.9902
1.9716
1.9530
1.9344
1.9158
1.8972
1.8786
1.8600
1.8414
1.8228
1.8042
1.7856
1.7670
1.7484
1.7298
1.7112
1.6926
1.6740
1.6554
1.6368
1.6368
1.6554
1.6740
1.6926
1.7112
1.7298
1.7484
1.7670
1.7856
1.8042
1.8228
1.8414
1.8600
1.8786
1.8972
1.9158
1.9344
1.9530
1.9716
1.9902
2.0088
2.0274
2.0460
2.0646
2.0832
2.1018
2.1204
2.1390
2.1576
2.1762
2.1948
2.2134
2.2320
2.2506
2.2692
2.2878
2.3064
2.3250
2.3436
2.3622
2.3808
2.3994
2.4180
2.4366
2.4552
2.4552
2.4552
2.4552
2.4552
2.4552
2.4552
2.4552
2.4552
2.4552
2.4552
2.4552
2.4552
2.4552
2.4552
2.4552
2.4552
2.4552
2.4552
2.4552
2.4552
2.4552
2.4552
2.4552
2.4552
2.4552
2.4552
2.4552
2.4552
2.4552
2.4552
2.4552
2.4552
2.4552
2.4552
2.4552
2.4552
2.4552
2.4552
2.4552
2.4552
2.4552
2.4552
2.4552
2.4552
2.4552
2.4552
2.4552
2.4552
2.4552
2.4552
2.4552
2.4552
2.4552
2.4552
2.4552
2.4552
2.4552
2.4552
2.4552
2.4552
2.4552
2.4552
2.4552
2.4552
2.4552
2.4552
2.4552
2.4552
2.4552
2.4552
2.4552
2.4552
2.4552
2.4552
2.4552
2.4552
2.4552
2.4552
2.4552
2.4552
2.4552
2.4552
2.4552
2.4552
2.4552
2.4552
2.4552
2.4552
2.4552
2.4552
2.4552
2.4552
2.4552
2.4552
2.4552
2.4552
2.4552
2.4552
2.4552
2.4552
2.4552
2.4552
2.4366
2.4180
2.3994
2.3808
2.3622
2.3436
2.3250
2.3064
2.2878
2.2692
2.2506
2.2320
2.2134
2.1948
2.1762
2.1576
2.1390
2.1204
2.1018
2.0832
2.0646
2.0460
2.0274
2.0088
1.9902
1.9716
1.9530
1.9344
1.9158
1.8972
1.8786
1.8600
1.8414
1.8228
1.8042
1.7856
1.7670
1.7484
1.7298
1.7112
1.6926
1.6740
1.6554
1.6368
1.6368
1.6182
1.5996
1.5810
1.5624
1.5438
1.5252
1.5066
1.4880
1.4694
1.4508
1.4322
1.4136
1.3950
1.3764
1.3578
1.3392
1.3206
1.3020
1.2834
1.2648
1.2462
1.2276
1.2090
1.1904
1.1718
1.1532
1.1346
1.1160
1.0974
1.0788
1.0602
1.0416
1.0230
1.0044
0.9858
0.9672
0.9486
0.9300
0.9114
0.8928
0.8742
0.8556
0.8370
0.8184
0.8184
0.8184
0.8184
0.8184
0.8184
0.8184
0.8184
0.8184
0.8184
0.8184
0.8184
0.8184
0.8184
0.8184
0.8184
0.8184
0.8184
0.8184
0.8184
0.8184
0.8184
0.8184
0.8184
0.8184
0.8184
0.8184
0.8184
0.8184
0.8184
0.8184
0.8184
0.8184
0.8184
0.8184
0.8184
0.8184
0.8184
0.8184
0.8184
0.8184
0.8184
0.8184
0.8184
0.8184
0.8184
0.8184
0.8184
0.8184
0.8184
0.8184
0.8184
0.8184
0.8184
0.8184
0.8184
0.8184
0.8184
0.8184
0.8184
0.8184
0.8184
0.8184
0.8184
0.8184
0.8184
0.8184
0.8184
0.8184
0.8184
0.8184
0.8184
0.8184
0.8184
0.8184
0.8184
0.8184
0.8184
0.8184
0.8184
0.8184
0.8184
0.8184
0.8184
0.8184
0.8184
0.8184
0.8184
0.8184
0.8184
0.8184
0.8184
0.8184
0.8184
0.8184
0.8184
0.8184
0.8184
0.8184
0.8184
0.8184
0.8184
0.8184
0.8184
0.8184
0.8184
0.8184
0.8184
0.8184
0.8184
0.8184
0.8184
0.8184
0.8184
0.8184
0.8184
0.8184
0.8184
0.8184
0.8184
0.8184
0.8184
0.8184
0.8184
0.8184
0.8184
0.8184
0.8184
0.8184
0.8184
0.8184
0.8184
0.8184
0.8184
0.8184
0.8184
0.8184
0.8184
0.8184
0.8184
0.8184
0.8184
0.8184
0.8184
0.8184
0.8184
0.8184
0.8184
0.8184
0.8184
0.8184
0.8184
0.8184
0.8184
0.8184
0.8184
0.8184
0.8184
0.8184
0.8184
0.8184
0.8184
0.8184
0.8184
0.8184
0.8184
0.8184
0.8184
0.8184
0.8184
0.8184
0.8184
0.8184
0.8184
0.8184
0.8184
0.8184
0.8184
0.8184
0.8184
0.8184
0.8184
0.8184
0.8184
0.8184
0.8184
0.8184
0.8184
0.8184
0.8184
0.8184
0.8184
0.8184
0.8184
0.8184
0.8184
0.8184
0.8184
0.8184
0.8184
0.8184
0.8184
0.8184
0.8184
0.8184
0.8184
0.8184
0.8184
0.8184
0.8184
0.8184
0.8184
0.8184
0.8184
0.8184
0.8184
0.8184
0.8184
0.8184
0.8184
0.8184
0.8184
0.8184
0.8184
0.8184
0.8184
0.8184
0.8184
0.8184
0.8184
0.8184
0.8184
0.8184
0.8184
0.8184
0.8184
0.8184
0.8184
0.8184
0.8184
0.8184
0.8184
0.8184
0.8184
0.8184
0.8184
0.8184
0.8184
0.8184
0.8184
0.8184
0.8184
0.8184
0.8184
0.8184
0.8184
0.8184
0.8184
0.8184
0.8184
0.8184
0.8184
0.8184
0.8184
0.8184
0.8184
0.8184
0.8184
0.8184
0.8184
0.8184
0.8184
0.8184
0.8184
0.8184
0.8184
0.8184
0.8184
0.8184
0.8184
0.8184
0.8184
0.8184
0.8184
0.8184
0.8184
0.8184
0.8184
0.8184
0.8184
0.8184
0.8184
0.8184
0.8184
0.8184
0.8184
0.8184
0.8184
0.8184
0.8184
0.8184
0.8184
0.8184
0.8184
0.8184
0.8184
0.8184
0.8184
0.8184
0.8184
0.8184
0.8184
0.8184
0.8184
0.8184
0.8184
0.8184
0.8184
0.8184
0.8184
0.8184
0.8184
0.8184
0.8184
0.8184
0.8184
0.8184
0.8184
0.8184
0.8184
0.8184
0.8184
0.8184
0.8184
0.8184
0.8184
0.8184
0.8184
0.8184
0.8184
0.8184
0.8184
0.8184
0.8184
0.8184
0.8184
0.8184
0.8184
0.8184
0.8184
0.8184
0.8184
0.8184
0.8184
0.8184
0.8184
0.8184
0.8184
0.8184
0.8184
0.8184
0.8184
0.8184
0.8184
0.8184
0.8184
0.8184
0.8184
0.8184
0.8184
0.8184
0.8184
0.8184
0.8184
0.8184
0.8184
0.8184
0.8184
0.8184
0.8184
0.8184
0.8184
0.8184
0.8184
0.8184
0.8184
0.8184
0.8184
0.8184
0.8184
0.8184
0.8184
0.8184
0.8184
0.8184
0.8184
0.8184
0.8184
0.8184
0.8184
0.8184
0.8184
0.8184
0.8184
0.8184
0.8184
0.8184
0.8184
0.8184
0.8184
0.8184
0.8184
0.8184
0.8184
0.8184
0.8184
0.8184
0.8184
0.8184
0.8184
0.8184
0.8184
0.8184
0.8184
0.8184
0.8184
0.8184
0.8184
0.8184
0.8184
0.8184
0.8184
0.8184
0.8184
0.8184
0.8184
0.8184
0.8184
0.8184
0.8184
0.8184
0.8184
0.8184
0.8184
0.8184
0.8184
0.8184
0.8184
0.8184
0.8184
0.8184
0.8184
0.8184
0.8184
0.8184
0.8184
0.8184
0.8184
0.8184
0.8184
0.8184
0.8184
0.8184
0.8184
0.8184
0.8184
0.8184
0.8184
0.8184
0.8184
0.8184
0.8184
0.8184
0.8184
0.8184
0.8184
0.8184
0.8184
0.8184
0.8184
0.8184
0.8184
0.8184
0.8184
0.8184
0.8184
0.8184
0.8184
0.8184
0.8184
0.8184
0.8184
0.8184
0.8184
0.8184
0.8184
0.8184
0.8184
0.8184
0.8184
0.8184
0.8184
0.8184
0.8184
0.8184
0.8184
0.8184
0.8184
0.8184
0.8184
0.8184
0.8184
0.8184
0.8184
0.8184
0.8184
0.8184
0.8184
0.8184
0.8184
0.8184
0.8184
0.8184
0.8184
0.8184
0.8184
0.8184
0.8184
0.8184
0.8184
0.8184
0.8184
0.8184
0.8184
0.8184
0.8184
0.8184
0.8184
0.8184
0.8184
0.8184
0.8184
0.8184
0.8184
0.8184
0.8184
0.8184
0.8184
0.8184
0.8184
0.8184
0.8184
0.8184
0.8184
0.8184
0.8184
0.8184
0.8184
0.8184
0.8184
0.8184
0.8184
0.8184
0.8184
0.8184
0.8184
0.8184
0.8184
0.8184
0.8184
0.8184
0.8184
0.8184
0.8184
0.8184
0.8184
0.8184
0.8184
0.8184
0.8184
0.8184
0.8184
0.8184
0.8184
0.8184
0.8184
0.8184
0.8184
0.8184
0.8184
0.8184
0.8184
0.8184
0.8184
0.8184
0.8184
0.8184
0.8184
0.8184
0.8184
0.8184
0.8184
0.8184
0.8184
0.8184
0.8184
0.8184
0.8184
0.7998
0.7812
0.7626
0.7440
0.7254
0.7068
0.6882
0.6696
0.6510
0.6324
0.6138
0.5952
0.5766
0.5580
0.5394
0.5208
0.5022
0.4836
0.4650
0.4464
0.4278
0.4092
0.3906
0.3720
0.3534
0.3348
0.3162
0.2976
0.2790
0.2604
0.2418
0.2232
0.2046
0.1860
0.1674
0.1488
0.1302
0.1116
0.0930
0.0744
0.0558
0.0372
0.0186
0.0000
0.0000
-0.0186
-0.0372
-0.0558
-0.0744
-0.0930
-0.1116
-0.1302
-0.1488
-0.1674
-0.1860
-0.2046
-0.2232
-0.2418
-0.2604
-0.2790
-0.2976
-0.3162
-0.3348
-0.3534
-0.3720
-0.3906
-0.4092
-0.4278
-0.4464
-0.4650
-0.4836
-0.5022
-0.5208
-0.5394
-0.5580
-0.5766
-0.5952
-0.6138
-0.6324
-0.6510
-0.6696
-0.6882
-0.7068
-0.7254
-0.7440
-0.7626
-0.7812
-0.7998
-0.8184
-0.8184
-0.8184
-0.8184
-0.8184
-0.8184
-0.8184
-0.8184
-0.8184
-0.8184
-0.8184
-0.8184
-0.8184
-0.8184
-0.8184
-0.8184
-0.8184
-0.8184
-0.8184
-0.8184
-0.8184
-0.8184
-0.8184
-0.8184
-0.8184
-0.8184
-0.8184
-0.8184
-0.8184
-0.8184
-0.8184
-0.8184
-0.8184
-0.8184
-0.8184
-0.8184
-0.8184
-0.8184
-0.8184
-0.8184
-0.8184
-0.8184
-0.8184
-0.8184
-0.8184
-0.8184
-0.8184
-0.8184
-0.8184
-0.8184
-0.8184
-0.8184
-0.8184
-0.8184
-0.8184
-0.8184
-0.8184
-0.8184
-0.8184
-0.8184
-0.8184
-0.8184
-0.8184
-0.8184
-0.8184
-0.8184
-0.8184
-0.8184
-0.8184
-0.8184
-0.8184
-0.8184
-0.8184
-0.8184
-0.8184
-0.8184
-0.8184
-0.8184
-0.8184
-0.8184
-0.8184
-0.8184
-0.8184
-0.8184
-0.8184
-0.8184
-0.8184
-0.8184
-0.8184
-0.8184
-0.8184
-0.8184
-0.8184
-0.8184
-0.8184
-0.8184
-0.8184
-0.8184
-0.8184
-0.8184
-0.8184
-0.8184
-0.8184
-0.7998
-0.7812
-0.7626
-0.7440
-0.7254
-0.7068
-0.6882
-0.6696
-0.6510
-0.6324
-0.6138
-0.5952
-0.5766
-0.5580
-0.5394
-0.5208
-0.5022
-0.4836
-0.4650
-0.4464
-0.4278
-0.4092
-0.3906
-0.3720
-0.3534
-0.3348
-0.3162
-0.2976
-0.2790
-0.2604
-0.2418
-0.2232
-0.2046
-0.1860
-0.1674
-0.1488
-0.1302
-0.1116
-0.0930
-0.0744
-0.0558
-0.0372
-0.0186
0.0000
0.0000
0.0000
0.0000
0.0000
0.0000
0.0000
0.0000
0.0000
0.0000
0.0000
0.0000
0.0000
0.0000
0.0000
0.0000
0.0000
0.0000
0.0000
0.0000
0.0000
0.0000
0.0000
0.0000
0.0000
0.0000
0.0000
0.0000
0.0000
0.0000
0.0000
0.0000
0.0000
0.0000
0.0000
0.0000
0.0000
0.0000
0.0000
0.0000
0.0000
0.0000
0.0000
0.0000
0.0000
0.0000
0.0000
0.0000
0.0000
0.0000
0.0000
0.0000
0.0000
0.0000
0.0000
0.0000
0.0000
0.0000
0.0000
0.0000
0.0000
0.0000
0.0000
0.0000
0.0000
0.0000
0.0000
0.0000
0.0000
0.0000
0.0000
0.0000
0.0000
0.0000
0.0000
0.0000
0.0000
0.0000
0.0000
0.0000
0.0000
0.0000
0.0000
0.0000
0.0000
0.0000
0.0000
0.0000
0.0000
0.0000
0.0000
0.0000
0.0000
0.0000
0.0000
0.0000
0.0000
0.0000
0.0000
0.0000
0.0000
0.0000
0.0000
0.0000
0.0000
0.0000
0.0000
0.0000
0.0000
0.0000
0.0000
0.0000
0.0000
0.0000
0.0000
0.0000
0.0000
0.0000
0.0000
0.0000
0.0000
0.0000
0.0000
0.0000
0.0000
0.0000
0.0000
0.0000
0.0000
0.0000
0.0000
0.0000
0.0000
0.0000
0.0000
0.0000
0.0000
0.0000
0.0000
0.0000
0.0000
0.0000
0.0000
0.0000
0.0000
0.0000
0.0000
0.0000
0.0000
0.0000
0.0000
0.0000
0.0000
0.0000
0.0000
0.0000
0.0000
0.0000
0.0000
0.0000
0.0000
0.0000
0.0000
0.0000
0.0000
0.0000
0.0000
0.0000
0.0000
0.0000
0.0000
0.0000
0.0000
0.0000
0.0000
0.0000
0.0000
0.0000
0.0000
0.0000
0.0000
0.0000
0.0000
0.0000
0.0000
0.0000
0.0000
0.0000
0.0000
0.0000
0.0000
0.0000
0.0000
0.0000
0.0000
0.0000
0.0000
0.0000
0.0000
0.0000
0.0000
0.0000
0.0000
0.0000
0.0000
0.0000
0.0000
0.0000
0.0000
0.0000
0.0000
0.0000
0.0000
0.0000
0.0000
0.0000
0.0000
0.0000
0.0000
0.0000
0.0000
0.0000
0.0000
0.0000
0.0000
0.0000
0.0000
0.0000
0.0000
0.0000
0.0000
0.0000
0.0000
0.0000
0.0000
0.0000
0.0000
0.0000
0.0000
0.0000
0.0000
0.0000
0.0000
0.0000
0.0000
0.0000
0.0000
0.0000
0.0000
0.0000
0.0000
0.0000
0.0000
0.0000
0.0000
0.0000
0.0000
0.0000
0.0000
0.0000
0.0000
0.0000
0.0000
0.0000
0.0000
0.0000
0.0000
0.0000
0.0000
0.0000
0.0000
0.0000
0.0000
0.0000
0.0000
0.0000
0.0000
0.0000
0.0000
0.0000
0.0000
0.0000
0.0000
0.0000
0.0000
0.0000
0.0000
0.0000
0.0000
0.0000
0.0000
0.0000
0.0000
0.0000
0.0000
0.0000
0.0000
0.0000
0.0000
0.0000
0.0000
0.0000
0.0000
0.0000
0.0000
0.0186
0.0372
0.0558
0.0744
0.0930
0.1116
0.1302
0.1488
0.1674
0.1860
0.2046
0.2232
0.2418
0.2604
0.2790
0.2976
0.3162
0.3348
0.3534
0.3720
0.3906
0.4092
0.4278
0.4464
0.4650
0.4836
0.5022
0.5208
0.5394
0.5580
0.5766
0.5952
0.6138
0.6324
0.6510
0.6696
0.6882
0.7068
0.7254
0.7440
0.7626
0.7812
0.7998
0.8184
0.8184
0.7998
0.7812
0.7626
0.7440
0.7254
0.7068
0.6882
0.6696
0.6510
0.6324
0.6138
0.5952
0.5766
0.5580
0.5394
0.5208
0.5022
0.4836
0.4650
0.4464
0.4278
0.4092
0.3906
0.3720
0.3534
0.3348
0.3162
0.2976
0.2790
0.2604
0.2418
0.2232
0.2046
0.1860
0.1674
0.1488
0.1302
0.1116
0.0930
0.0744
0.0558
0.0372
0.0186
0.0000
0.0000
-0.0186
-0.0372
-0.0558
-0.0744
-0.0930
-0.1116
-0.1302
-0.1488
-0.1674
-0.1860
-0.2046
-0.2232
-0.2418
-0.2604
-0.2790
-0.2976
-0.3162
-0.3348
-0.3534
-0.3720
-0.3906
-0.4092
-0.4278
-0.4464
-0.4650
-0.4836
-0.5022
-0.5208
-0.5394
-0.5580
-0.5766
-0.5952
-0.6138
-0.6324
-0.6510
-0.6696
-0.6882
-0.7068
-0.7254
-0.7440
-0.7626
-0.7812
-0.7998
-0.8184
-0.8184
-0.7998
-0.7812
-0.7626
-0.7440
-0.7254
-0.7068
-0.6882
-0.6696
-0.6510
-0.6324
-0.6138
-0.5952
-0.5766
-0.5580
-0.5394
-0.5208
-0.5022
-0.4836
-0.4650
-0.4464
-0.4278
-0.4092
-0.3906
-0.3720
-0.3534
-0.3348
-0.3162
-0.2976
-0.2790
-0.2604
-0.2418
-0.2232
-0.2046
-0.1860
-0.1674
-0.1488
-0.1302
-0.1116
-0.0930
-0.0744
-0.0558
-0.0372
-0.0186
0.0000
0.0000
0.0186
0.0372
0.0558
0.0744
0.0930
0.1116
0.1302
0.1488
0.1674
0.1860
0.2046
0.2232
0.2418
0.2604
0.2790
0.2976
0.3162
0.3348
0.3534
0.3720
0.3906
0.4092
0.4278
0.4464
0.4650
0.4836
0.5022
0.5208
0.5394
0.5580
0.5766
0.5952
0.6138
0.6324
0.6510
0.6696
0.6882
0.7068
0.7254
0.7440
0.7626
0.7812
0.7998
0.8184
0.8184
0.8370
0.8556
0.8742
0.8928
0.9114
0.9300
0.9486
0.9672
0.9858
1.0044
1.0230
1.0416
1.0602
1.0788
1.0974
1.1160
1.1346
1.1532
1.1718
1.1904
1.2090
1.2276
1.2462
1.2648
1.2834
1.3020
1.3206
1.3392
1.3578
1.3764
1.3950
1.4136
1.4322
1.4508
1.4694
1.4880
1.5066
1.5252
1.5438
1.5624
1.5810
1.5996
1.6182
1.6368
1.6368
1.6368
1.6368
1.6368
1.6368
1.6368
1.6368
1.6368
1.6368
1.6368
1.6368
1.6368
1.6368
1.6368
1.6368
1.6368
1.6368
1.6368
1.6368
1.6368
1.6368
1.6368
1.6368
1.6368
1.6368
1.6368
1.6368
1.6368
1.6368
1.6368
1.6368
1.6368
1.6368
1.6368
1.6368
1.6368
1.6368
1.6368
1.6368
1.6368
1.6368
1.6368
1.6368
1.6368
1.6368
1.6368
1.6368
1.6368
1.6368
1.6368
1.6368
1.6368
1.6368
1.6368
1.6368
1.6368
1.6368
1.6368
1.6368
1.6368
1.6368
1.6368
1.6368
1.6368
1.6368
1.6368
1.6368
1.6368
1.6368
1.6368
1.6368
1.6368
1.6368
1.6368
1.6368
1.6368
1.6368
1.6368
1.6368
1.6368
1.6368
1.6368
1.6368
1.6368
1.6368
1.6368
1.6368
1.6368
1.6368
1.6368
1.6368
1.6368
1.6368
1.6368
1.6368
1.6368
1.6368
1.6368
1.6368
1.6368
1.6368
1.6368
1.6368
1.6368
1.6368
1.6368
1.6368
1.6368
1.6368
1.6368
1.6368
1.6368
1.6368
1.6368
1.6368
1.6368
1.6368
1.6368
1.6368
1.6368
1.6368
1.6368
1.6368
1.6368
1.6368
1.6368
1.6368
1.6368
1.6368
1.6368
1.6368
1.6368
1.6368
1.6368
1.6368
1.6368
1.6368
1.6368
1.6368
1.6368
1.6368
1.6368
1.6368
1.6368
1.6368
1.6368
1.6368
1.6368
1.6368
1.6368
1.6368
1.6368
1.6368
1.6368
1.6368
1.6368
1.6368
1.6368
1.6368
1.6368
1.6368
1.6368
1.6368
1.6368
1.6368
1.6368
1.6368
1.6368
1.6368
1.6368
1.6368
1.6368
1.6368
1.6368
1.6368
1.6368
1.6368
1.6368
1.6368
1.6368
1.6368
1.6368
1.6368
1.6368
1.6368
1.6368
1.6368
1.6368
1.6368
1.6368
1.6368
1.6368
1.6368
1.6368
1.6368
1.6368
1.6368
1.6368
1.6368
1.6368
1.6368
1.6368
1.6368
1.6182
1.5996
1.5810
1.5624
1.5438
1.5252
1.5066
1.4880
1.4694
1.4508
1.4322
1.4136
1.3950
1.3764
1.3578
1.3392
1.3206
1.3020
1.2834
1.2648
1.2462
1.2276
1.2090
1.1904
1.1718
1.1532
1.1346
1.1160
1.0974
1.0788
1.0602
1.0416
1.0230
1.0044
0.9858
0.9672
0.9486
0.9300
0.9114
0.8928
0.8742
0.8556
0.8370
0.8184
0.8184
0.7998
0.7812
0.7626
0.7440
0.7254
0.7068
0.6882
0.6696
0.6510
0.6324
0.6138
0.5952
0.5766
0.5580
0.5394
0.5208
0.5022
0.4836
0.4650
0.4464
0.4278
0.4092
0.3906
0.3720
0.3534
0.3348
0.3162
0.2976
0.2790
0.2604
0.2418
0.2232
0.2046
0.1860
0.1674
0.1488
0.1302
0.1116
0.0930
0.0744
0.0558
0.0372
0.0186
0.0000
0.0000
0.0000
0.0000
0.0000
0.0000
0.0000
0.0000
0.0000
0.0000
0.0000
0.0000
0.0000
0.0000
0.0000
0.0000
0.0000
0.0000
0.0000
0.0000
0.0000
0.0000
0.0000
0.0000
0.0000
0.0000
0.0000
0.0000
0.0000
0.0000
0.0000
0.0000
0.0000
0.0000
0.0000
0.0000
0.0000
0.0000
0.0000
0.0000
0.0000
0.0000
0.0000
0.0000
0.0000
0.0000
0.0000
0.0000
0.0000
0.0000
0.0000
0.0000
0.0000
0.0000
0.0000
0.0000
0.0000
0.0000
0.0000
0.0000
0.0000
0.0000
0.0000
0.0000
0.0000
0.0000
0.0000
0.0000
0.0000
0.0000
0.0000
0.0000
0.0000
0.0000
0.0000
0.0000
0.0000
0.0000
0.0000
0.0000
0.0000
0.0000
0.0000
0.0000
0.0000
0.0000
0.0000
0.0000
0.0000
0.0000
0.0000
0.0000
0.0000
0.0000
0.0000
0.0000
0.0000
0.0000
0.0000
0.0000
0.0000
0.0000
0.0000
0.0000
0.0000
0.0000
0.0000
0.0000
0.0000
0.0000
0.0000
0.0000
0.0000
0.0000
0.0000
0.0000
0.0000
0.0000
0.0000
0.0000
0.0000
0.0000
0.0000
0.0000
0.0000
0.0000
0.0000
0.0000
0.0000
0.0000
0.0000
0.0000
0.0000
0.0000
0.0000
0.0000
0.0000
0.0000
0.0000
0.0000
0.0000
0.0000
0.0000
0.0000
0.0000
0.0000
0.0000
0.0000
0.0000
0.0000
0.0000
0.0000
0.0000
0.0000
0.0000
0.0000
0.0000
0.0000
0.0000
0.0000
0.0000
0.0000
0.0000
0.0000
0.0000
0.0000
0.0000
0.0000
0.0000
0.0000
0.0000
0.0000
0.0000
0.0000
0.0000
0.0000
0.0000
0.0000
0.0000
0.0000
0.0000
0.0000
0.0000
0.0000
0.0000
0.0000
0.0000
0.0000
0.0000
0.0000
0.0000
0.0000
0.0000
0.0000
0.0000
0.0000
0.0000
0.0000
0.0000
0.0000
0.0000
0.0000
0.0000
0.0000
-0.0186
-0.0372
-0.0558
-0.0744
-0.0930
-0.1116
-0.1302
-0.1488
-0.1674
-0.1860
-0.2046
-0.2232
-0.2418
-0.2604
-0.2790
-0.2976
-0.3162
-0.3348
-0.3534
-0.3720
-0.3906
-0.4092
-0.4278
-0.4464
-0.4650
-0.4836
-0.5022
-0.5208
-0.5394
-0.5580
-0.5766
-0.5952
-0.6138
-0.6324
-0.6510
-0.6696
-0.6882
-0.7068
-0.7254
-0.7440
-0.7626
-0.7812
-0.7998
-0.8184
-0.8184
-0.7998
-0.7812
-0.7626
-0.7440
-0.7254
-0.7068
-0.6882
-0.6696
-0.6510
-0.6324
-0.6138
-0.5952
-0.5766
-0.5580
-0.5394
-0.5208
-0.5022
-0.4836
-0.4650
-0.4464
-0.4278
-0.4092
-0.3906
-0.3720
-0.3534
-0.3348
-0.3162
-0.2976
-0.2790
-0.2604
-0.2418
-0.2232
-0.2046
-0.1860
-0.1674
-0.1488
-0.1302
-0.1116
-0.0930
-0.0744
-0.0558
-0.0372
-0.0186
0.0000
0.0000
0.0186
0.0372
0.0558
0.0744
0.0930
0.1116
0.1302
0.1488
0.1674
0.1860
0.2046
0.2232
0.2418
0.2604
0.2790
0.2976
0.3162
0.3348
0.3534
0.3720
0.3906
0.4092
0.4278
0.4464
0.4650
0.4836
0.5022
0.5208
0.5394
0.5580
0.5766
0.5952
0.6138
0.6324
0.6510
0.6696
0.6882
0.7068
0.7254
0.7440
0.7626
0.7812
0.7998
0.8184
0.8184
0.8184
0.8184
0.8184
0.8184
0.8184
0.8184
0.8184
0.8184
0.8184
0.8184
0.8184
0.8184
0.8184
0.8184
0.8184
0.8184
0.8184
0.8184
0.8184
0.8184
0.8184
0.8184
0.8184
0.8184
0.8184
0.8184
0.8184
0.8184
0.8184
0.8184
0.8184
0.8184
0.8184
0.8184
0.8184
0.8184
0.8184
0.8184
0.8184
0.8184
0.8184
0.8184
0.8184
0.8184
0.8184
0.8184
0.8184
0.8184
0.8184
0.8184
0.8184
0.8184
0.8184
0.8184
0.8184
0.8184
0.8184
0.8184
0.8184
0.8184
0.8184
0.8184
0.8184
0.8184
0.8184
0.8184
0.8184
0.8184
0.8184
0.8184
0.8184
0.8184
0.8184
0.8184
0.8184
0.8184
0.8184
0.8184
0.8184
0.8184
0.8184
0.8184
0.8184
0.8184
0.8184
0.8184
0.8184
0.8184
0.8184
0.8184
0.8184
0.8184
0.8184
0.8184
0.8184
0.8184
0.8184
0.8184
0.8184
0.8184
0.8184
0.8370
0.8556
0.8742
0.8928
0.9114
0.9300
0.9486
0.9672
0.9858
1.0044
1.0230
1.0416
1.0602
1.0788
1.0974
1.1160
1.1346
1.1532
1.1718
1.1904
1.2090
1.2276
1.2462
1.2648
1.2834
1.3020
1.3206
1.3392
1.3578
1.3764
1.3950
1.4136
1.4322
1.4508
1.4694
1.4880
1.5066
1.5252
1.5438
1.5624
1.5810
1.5996
1.6182
1.6368
1.6368
1.6368
1.6368
1.6368
1.6368
1.6368
1.6368
1.6368
1.6368
1.6368
1.6368
1.6368
1.6368
1.6368
1.6368
1.6368
1.6368
1.6368
1.6368
1.6368
1.6368
1.6368
1.6368
1.6368
1.6368
1.6368
1.6368
1.6368
1.6368
1.6368
1.6368
1.6368
1.6368
1.6368
1.6368
1.6368
1.6368
1.6368
1.6368
1.6368
1.6368
1.6368
1.6368
1.6368
1.6368
1.6368
1.6368
1.6368
1.6368
1.6368
1.6368
1.6368
1.6368
1.6368
1.6368
1.6368
1.6368
1.6368
1.6368
1.6368
1.6368
1.6368
1.6368
1.6368
1.6368
1.6368
1.6368
1.6368
1.6368
1.6368
1.6368
1.6368
1.6368
1.6368
1.6368
1.6368
1.6368
1.6368
1.6368
1.6368
1.6368
1.6368
1.6368
1.6368
1.6368
1.6368
1.6368
1.6368
1.6368
1.6368
1.6368
1.6368
1.6368
1.6368
1.6368
1.6368
1.6368
1.6368
1.6368
1.6368
1.6368
1.6368
1.6182
1.5996
1.5810
1.5624
1.5438
1.5252
1.5066
1.4880
1.4694
1.4508
1.4322
1.4136
1.3950
1.3764
1.3578
1.3392
1.3206
1.3020
1.2834
1.2648
1.2462
1.2276
1.2090
1.1904
1.1718
1.1532
1.1346
1.1160
1.0974
1.0788
1.0602
1.0416
1.0230
1.0044
0.9858
0.9672
0.9486
0.9300
0.9114
0.8928
0.8742
0.8556
0.8370
0.8184
0.8184
0.8184
0.8184
0.8184
0.8184
0.8184
0.8184
0.8184
0.8184
0.8184
0.8184
0.8184
0.8184
0.8184
0.8184
0.8184
0.8184
0.8184
0.8184
0.8184
0.8184
0.8184
0.8184
0.8184
0.8184
0.8184
0.8184
0.8184
0.8184
0.8184
0.8184
0.8184
0.8184
0.8184
0.8184
0.8184
0.8184
0.8184
0.8184
0.8184
0.8184
0.8184
0.8184
0.8184
0.8184
0.8184
0.8184
0.8184
0.8184
0.8184
0.8184
0.8184
0.8184
0.8184
0.8184
0.8184
0.8184
0.8184
0.8184
0.8184
0.8184
0.8184
0.8184
0.8184
0.8184
0.8184
0.8184
0.8184
0.8184
0.8184
0.8184
0.8184
0.8184
0.8184
0.8184
0.8184
0.8184
0.8184
0.8184
0.8184
0.8184
0.8184
0.8184
0.8184
0.8184
0.8184
0.8184
0.8184
0.8184
0.8184
0.8184
0.8184
0.8184
0.8184
0.8184
0.8184
0.8184
0.8184
0.8184
0.8184
0.8184
0.8184
0.7998
0.7812
0.7626
0.7440
0.7254
0.7068
0.6882
0.6696
0.6510
0.6324
0.6138
0.5952
0.5766
0.5580
0.5394
0.5208
0.5022
0.4836
0.4650
0.4464
0.4278
0.4092
0.3906
0.3720
0.3534
0.3348
0.3162
0.2976
0.2790
0.2604
0.2418
0.2232
0.2046
0.1860
0.1674
0.1488
0.1302
0.1116
0.0930
0.0744
0.0558
0.0372
0.0186
0.0000
0.0000
0.0000
0.0000
0.0000
0.0000
0.0000
0.0000
0.0000
0.0000
0.0000
0.0000
0.0000
0.0000
0.0000
0.0000
0.0000
0.0000
0.0000
0.0000
0.0000
0.0000
0.0000
0.0000
0.0000
0.0000
0.0000
0.0000
0.0000
0.0000
0.0000
0.0000
0.0000
0.0000
0.0000
0.0000
0.0000
0.0000
0.0000
0.0000
0.0000
0.0000
0.0000
0.0000
0.0000
0.0000
0.0000
0.0000
0.0000
0.0000
0.0000
0.0000
0.0000
0.0000
0.0000
0.0000
0.0000
0.0000
0.0000
0.0000
0.0000
0.0000
0.0000
0.0000
0.0000
0.0000
0.0000
0.0000
0.0000
0.0000
0.0000
0.0000
0.0000
0.0000
0.0000
0.0000
0.0000
0.0000
0.0000
0.0000
0.0000
0.0000
0.0000
0.0000
0.0000
0.0000
0.0000
0.0000
0.0000
0.0000
0.0000
0.0000
0.0000
0.0000
0.0000
0.0000
0.0000
0.0000
0.0000
0.0000
0.0000
0.0000
0.0000
0.0000
0.0000
0.0000
0.0000
0.0000
0.0000
0.0000
0.0000
0.0000
0.0000
0.0000
0.0000
0.0000
0.0000
0.0000
0.0000
0.0000
0.0000
0.0000
0.0000
0.0000
0.0000
0.0000
0.0000
0.0000
0.0000
0.0000
0.0000
0.0000
0.0000
0.0000
0.0000
0.0000
0.0000
0.0000
0.0000
0.0000
0.0000
0.0000
0.0000
0.0000
0.0000
0.0000
0.0000
0.0000
0.0000
0.0000
0.0000
0.0000
0.0000
0.0000
0.0000
0.0000
0.0000
0.0000
0.0000
0.0000
0.0000
0.0000
0.0000
0.0000
0.0000
0.0000
0.0000
0.0000
0.0000
0.0000
0.0000
0.0000
0.0000
0.0000
0.0000
0.0000
0.0000
0.0000
0.0000
0.0000
0.0000
0.0000
0.0000
0.0000
0.0000
0.0000
0.0000
0.0000
0.0000
0.0000
0.0000
0.0000
0.0000
0.0000
0.0000
0.0000
0.0000
0.0000
0.0000
0.0000
0.0000
0.0000
0.0000
0.0000
0.0000
0.0000
0.0000
0.0000
0.0000
0.0000
0.0000
0.0000
0.0000
0.0000
0.0000
0.0000
0.0000
0.0000
0.0000
0.0000
0.0000
0.0000
0.0000
0.0000
0.0000
0.0000
0.0000
0.0000
0.0000
0.0000
0.0000
0.0000
0.0000
0.0000
0.0000
0.0000
0.0000
0.0000
0.0000
0.0000
0.0000
0.0000
0.0000
0.0000
0.0000
0.0000
0.0000
0.0000
0.0000
0.0000
0.0000
0.0000
0.0000
0.0000
0.0000
0.0000
0.0000
0.0000
0.0000
0.0000
0.0000
0.0000
0.0000
0.0000
0.0000
0.0000
0.0000
0.0000
0.0000
0.0000
0.0000
0.0000
0.0000
0.0000
0.0000
0.0000
0.0000
0.0000
0.0000
0.0000
0.0000
0.0000
0.0000
0.0000
0.0000
0.0000
0.0000
0.0000
0.0000
0.0000
0.0000
0.0000
0.0000
0.0000
0.0000
0.0000
0.0000
0.0000
0.0000
0.0000
0.0000
0.0000
0.0000
0.0000
0.0000
0.0000
0.0000
0.0000
0.0000
0.0000
0.0000
0.0000
0.0000
0.0000
0.0000
0.0000
0.0000
0.0000
0.0000
0.0000
0.0000
0.0000
0.0000
0.0000
0.0000
0.0000
0.0000
0.0000
0.0000
0.0000
0.0000
0.0000
0.0000
0.0000
0.0000
0.0000
0.0000
0.0000
0.0000
0.0000
0.0000
0.0000
0.0000
0.0000
0.0000
0.0000
0.0000
0.0000
0.0000
0.0000
0.0000
0.0000
0.0000
0.0000
0.0000
0.0000
0.0000
0.0000
0.0000
0.0000
0.0000
0.0000
0.0000
0.0000
0.0000
0.0000
0.0000
0.0000
0.0000
0.0000
0.0000
0.0000
0.0000
0.0000
0.0000
0.0000
0.0000
0.0000
0.0000
0.0000
0.0000
0.0000
0.0000
0.0000
0.0000
0.0000
0.0000
0.0000
0.0000
0.0000
0.0000
0.0000
0.0000
0.0000
0.0000
0.0000
0.0000
0.0000
0.0000
0.0000
0.0000
0.0000
0.0000
0.0000
0.0000
0.0000
0.0000
0.0000
0.0000
0.0000
0.0000
0.0000
0.0000
0.0000
0.0000
0.0000
0.0000
0.0000
0.0000
0.0000
0.0000
0.0000
0.0000
0.0000
0.0000
0.0000
0.0000
0.0000
0.0000
0.0000
0.0000
0.0000
0.0000
0.0000
0.0000
0.0000
0.0000
0.0000
0.0000
0.0000
0.0000
0.0000
0.0000
0.0000
0.0000
0.0000
0.0000
0.0000
0.0000
0.0000
0.0000
0.0000
0.0000
0.0000
0.0000
0.0000
0.0000
0.0000
0.0000
0.0000
0.0000
0.0000
0.0000
0.0000
0.0000
0.0000
0.0000
0.0000
0.0000
0.0000
0.0000
0.0000
0.0000
0.0000
0.0000
0.0000
0.0000
0.0000
0.0000
0.0000
0.0000
0.0000
0.0000
0.0000
0.0000
0.0000
0.0000
0.0000
0.0000
0.0000
0.0000
0.0000
0.0000
0.0000
0.0000
0.0000
0.0000
0.0000
0.0000
0.0000
0.0000
0.0000
0.0000
0.0000
0.0000
0.0000
0.0000
0.0186
0.0372
0.0558
0.0744
0.0930
0.1116
0.1302
0.1488
0.1674
0.1860
0.2046
0.2232
0.2418
0.2604
0.2790
0.2976
0.3162
0.3348
0.3534
0.3720
0.3906
0.4092
0.4278
0.4464
0.4650
0.4836
0.5022
0.5208
0.5394
0.5580
0.5766
0.5952
0.6138
0.6324
0.6510
0.6696
0.6882
0.7068
0.7254
0.7440
0.7626
0.7812
0.7998
0.8184
0.8184
0.8370
0.8556
0.8742
0.8928
0.9114
0.9300
0.9486
0.9672
0.9858
1.0044
1.0230
1.0416
1.0602
1.0788
1.0974
1.1160
1.1346
1.1532
1.1718
1.1904
1.2090
1.2276
1.2462
1.2648
1.2834
1.3020
1.3206
1.3392
1.3578
1.3764
1.3950
1.4136
1.4322
1.4508
1.4694
1.4880
1.5066
1.5252
1.5438
1.5624
1.5810
1.5996
1.6182
1.6368
0.0000
0.1542
0.1542
0.1542
0.1542
0.1542
0.1542
0.1542
0.1542
0.1542
0.1542
0.1542
0.1542
0.1542
0.1542
0.1542
0.1542
0.1542
0.1542
