-2.90727
-2.90727
-2.90727
-2.96034
-2.96034
-2.96034
-2.96034
-2.99437
-2.99437
-3.02765
-3.02765
-3.02765
-3.06272
-3.06272
-3.06272
-3.06272
-3.10427
-3.10427
-3.10427
3.08576
3.08576
3.08576
3.08576
3.03346
3.03346
2.98101
2.98101
2.98101
2.92836
2.92836
2.92836
2.92836
2.87374
2.87374
2.87374
2.82024
2.82024
2.82024
2.82024
2.71013
2.71013
2.71013
2.65507
2.59979
2.59979
2.59979
2.54338
2.54338
2.54338
2.54338
2.48876
2.48876
2.48876
2.43338
2.43338
2.43338
2.43338
2.32032
2.32032
2.32032
2.26438
2.26438
2.20659
2.20659
2.20659
2.1504
2.1504
2.1504
2.1504
2.09414
2.09414
2.09414
2.03616
2.03616
2.03616
2.03616
1.92465
1.92465
1.92465
1.86785
1.86785
1.81295
1.81295
1.81295
1.75814
1.75814
1.75814
1.75814
1.7017
1.7017
1.7017
1.6469
1.6469
1.6469
1.6469
1.53475
1.53475
1.53475
1.53475
1.42301
1.42301
1.42301
1.36581
1.36581
1.36581
1.36581
1.31022
1.31022
1.31022
1.31022
1.25448
1.25448
1.25448
1.14086
1.14086
1.14086
1.14086
1.08495
1.02786
1.02786
1.02786
1.02786
0.972895
0.972895
0.972895
0.91823
0.91823
0.91823
0.91823
0.806932
0.806932
0.806932
0.806932
0.752013
0.695701
0.695701
0.695701
0.64096
0.64096
0.64096
0.64096
0.58608
0.58608
0.58608
0.58608
0.529401
0.529401
0.529401
0.41889
0.41889
0.41889
0.41889
0.361506
0.305833
0.305833
0.305833
0.250328
0.250328
0.250328
0.250328
0.193473
0.193473
0.193473
0.139619
