0.26
0.26
0.26
0.26
0.26
0.26
0.26
0.26
0.26
0.26
0.26
0.26
0.26
0.26
0.26
0.26
0.26
0.26
0.26
0.26
0.26
0.26
0.26
0.26
0.26
0.26
0.26
0.26
0.26
0.26
0.26
0.26
0.26
0.26
0.26
0.26
0.26
0.26
0.26
0.26
0.26
0.26
0.26
0.26
0.26
0.26
0.26
0.26
0.26
0.26
0.26
0.26
0.26
0.26
0.26
0.26
0.26
0.26
0.26
0.26
0.26
0.26
0.26
0.26
0.26
0.26
0.26
0.26
0.26
0.26
0.26
0.26
0.26
0.26
0.26
0.26
0.26
0.26
0.26
0.26
0.26
0.26
0.26
0.26
0.26
0.26
0.26
0.26
0.26
0.26
0.26
0.26
0.26
0.26
0.26
0.26
0.26
0.26
0.26
0.26
0.26
0.26
0.26
0.26
0.26
0.26
0.26
0.26
0.26
0.26
0.26
0.26
0.26
0.26
0.26
0.26
0.26
0.26
0.26
0.26
0.26
0.26
0.26
0.26
0.26
0.26
0.26
0.26
0.26
0.26
0.26
0.26
0.26
0.26
0.26
0.26
0.26
0.26
0.26
0.26
0.26
0.26
0.26
0.26
0.26
0.26
0.26
0.26
0.26
0.26
0.26
0.26
0.26
0.26
0.26
0.26
0.26
0.26
0.26
0.26
0.26
0.26
0.26
0.26
0.26
0.26
0.26
0.26
0.26
0.26
0.26
0.26
0.26
0.26
0.26
0.26
0.26
0.26
0.26
0.26
0.26
0.26
0.26
0.26
0.26
0.26
0.26
0.26
0.26
0.26
0.26
0.26
0.26
0.26
0.26
0.26
0.26
0.26
0.26
0.26
0.26
0.26
0.26
0.26
0.26
0.26
0.26
0.26
0.26
0.26
0.26
0.26
0.26
0.26
0.26
0.26
0.26
0.26
0.26
0.26
0.26
0.26
0.26
0.26
0.26
0.26
0.26
0.26
0.26
0.26
0.26
0.26
0.26
0.26
0.26
0.26
0.26
0.26
0.26
0.26
0.26
0.26
0.26
0.26
0.26
0.26
0.26
0.26
0.26
0.26
0.26
0.26
0.26
0.26
0.25942
0.26
0.26
0.25139
0.256193
0.26
0.26
0.22382
0.228705
0.233513
0.214888
0.196576
0.201461
0.206268
0.210997
0.192283
0.197165
0.201971
0.184048
0.188928
0.193808
0.198611
0.18106
0.185937
0.190814
0.152214
0.157007
0.16172
0.166591
0.151249
0.136256
0.140966
0.145836
0.132609
0.137399
0.142108
0.146976
0.135131
0.140136
0.144757
0.134132
0.139003
0.143874
0.148667
0.130039
0.134921
0.139803
0.136093
0.140824
0.139845
0.144727
0.149608
0.151
0.155721
0.160589
0.165458
0.169177
0.173876
0.178719
0.184346
0.189078
0.193743
0.198545
0.205735
0.210428
0.215055
0.219618
0.225116
0.2297
0.234223
0.238684
0.242645
0.247173
0.251644
0.255081
0.259553
0.26
0.26
0.26
0.26
0.26
0.26
0.26
0.26
0.26
0.26
0.26
0.26
0.26
0.26
0.26
0.26
0.26
0.26
0.26
0.26
0.26
0.26
0.26
0.26
0.26
0.26
0.26
0.26
0.26
0.26
0.26
0.26
0.26
0.26
0.26
0.26
0.26
0.26
0.26
0.26
0.26
0.26
0.26
0.26
0.26
0.26
0.26
0.26
0.26
0.26
0.26
0.26
0.26
0.26
0.26
0.26
0.26
0.26
0.26
0.26
0.26
0.26
0.26
0.26
0.26
0.26
0.26
0.26
0.26
0.26
0.26
0.26
0.26
0.26
0.26
0.26
0.26
0.26
0.26
0.26
0.26
0.26
0.26
0.26
0.26
0.26
0.26
0.26
0.26
0.26
0.26
0.26
0.26
0.26
0.26
0.26
0.26
0.26
0.26
0.26
0.26
0.26
0.26
0.26
0.26
0.26
0.26
0.26
0.26
0.26
0.26
0.26
0.26
0.26
0.26
0.26
0.26
0.26
0.26
0.26
0.26
0.26
0.26
0.26
0.26
0.26
0.26
0.26
0.26
0.26
0.26
0.26
0.26
0.26
0.26
0.26
0.26
0.26
0.26
0.26
0.26
0.26
0.26
0.26
0.26
0.26
0.26
0.26
0.26
0.26
0.26
0.26
0.26
0.26
0.26
0.26
0.26
0.26
0.26
0.26
0.26
0.26
0.26
0.26
0.26
0.26
0.26
0.26
0.26
0.26
0.26
0.26
0.26
0.26
0.26
0.26
0.26
0.26
0.26
0.26
0.26
0.26
0.26
0.26
0.26
0.26
0.26
0.26
0.26
0.26
0.26
0.26
0.26
0.26
0.26
0.26
0.26
0.26
0.26
0.26
0.26
0.26
0.26
0.26
0.26
0.26
0.26
0.26
0.26
0.26
0.26
0.26
0.26
0.26
0.26
0.26
0.26
0.26
0.26
0.26
0.26
0.242457
0.242532
0.242415
0.242455
0.229121
0.215857
0.215043
0.21447
0.213348
0.200556
0.199436
0.198189
0.185866
0.184362
0.182589
0.180982
0.160416
0.158389
0.156541
0.154617
0.145247
0.136159
0.13418
0.132148
0.130083
0.12242
0.12025
0.118056
0.111217
0.109017
0.106686
0.104357
0.103854
0.0983505
0.105633
0.107088
0.114417
0.121711
0.129076
0.134939
0.142601
0.150195
0.15775
0.167386
0.17501
0.182599
0.194188
0.201885
0.209655
0.216983
0.230018
0.237742
0.245213
0.26
0.26
0.26
0.26
0.26
0.26
0.26
0.26
0.26
0.26
0.26
0.26
0.26
0.26
0.26
0.26
0.26
0.26
0.26
0.26
0.26
0.26
0.26
0.26
0.26
0.26
0.26
0.26
0.26
0.26
0.26
0.26
0.26
0.26
0.26
0.26
0.26
0.26
0.229729
0.230069
0.230286
0.205009
0.204765
0.180813
0.180273
0.17948
0.156246
0.155192
0.153764
0.152405
0.128972
0.127217
0.12539
0.102803
0.100576
0.0982309
0.0956886
0.0525745
0.0498301
0.0470573
0.0252959
0.00452178
0.00121724
-0.00198132
-0.00556951
-0.025885
-0.0295933
-0.0336979
-0.037517
-0.055521
-0.061528
-0.0608234
-0.073733
-0.0732225
-0.0724917
-0.0717467
-0.0957332
-0.0951706
-0.0943882
-0.105275
-0.116545
-0.115965
-0.115124
-0.114282
-0.125115
-0.124272
-0.123414
-0.133064
-0.132426
-0.131569
-0.130698
-0.146955
-0.146076
-0.145183
-0.149229
-0.148554
-0.149602
-0.148671
-0.147744
-0.145799
-0.144838
-0.143876
-0.143146
-0.137962
-0.136961
-0.13619
-0.135203
-0.127561
-0.126512
-0.125694
-0.109164
-0.108013
-0.10709
-0.105953
-0.0945099
-0.0805861
-0.0793275
-0.0782984
-0.0605557
-0.0594185
-0.0580731
-0.0567144
-0.0341006
-0.0328638
-0.0314222
-0.00525473
-0.00390908
-0.00236286
-0.000803817
0.0564378
0.0580162
0.0597839
0.0878364
0.114274
0.116036
0.118005
0.119975
0.145691
0.147734
0.149787
0.174325
0.176444
0.178575
0.180705
0.205684
0.207879
0.210085
0.26
0.26
0.26
0.26
0.26
0.26
0.26
0.26
0.26
0.26
0.26
0.26
0.26
0.26
0.26
0.26
0.26
0.26
0.26
0.26
0.26
0.26
0.26
0.26
0.26
0.26
0.26
0.26
0.26
0.26
0.26
0.26
0.26
0.26
0.26
0.26
0.26
0.26
0.26
0.26
0.26
0.26
0.26
0.26
0.26
0.26
0.26
0.26
0.26
0.26
0.26
0.26
0.26
0.26
0.26
0.26
0.26
0.26
0.26
0.26
0.26
0.26
0.26
0.26
0.26
0.26
0.26
0.26
0.26
0.26
0.26
0.26
0.26
0.26
0.26
0.26
0.26
0.26
0.26
0.26
0.26
0.26
0.26
0.26
0.26
0.26
0.26
0.26
0.26
0.26
0.26
0.26
0.26
0.26
0.26
0.26
0.26
0.26
0.26
0.26
0.26
0.26
0.26
0.26
0.26
0.26
0.26
0.26
0.26
0.26
0.26
0.26
0.26
0.26
0.26
0.26
0.26
0.26
0.26
0.26
0.26
0.26
0.26
0.26
0.26
0.26
0.26
0.26
0.26
0.26
0.26
0.26
0.26
0.26
0.26
0.26
0.26
0.26
0.26
0.26
0.26
0.26
0.26
0.26
0.26
0.26
0.26
0.26
0.26
0.26
0.26
0.26
0.26
0.26
0.26
0.26
0.26
0.26
0.26
0.26
0.26
0.26
0.26
0.26
0.26
0.26
0.26
0.26
0.26
0.26
0.26
0.26
0.26
0.26
0.26
0.26
0.26
0.26
0.26
0.26
0.26
0.26
0.26
0.26
0.26
0.26
0.26
0.26
0.26
0.26
0.26
0.26
0.26
0.26
0.26
0.26
0.26
0.26
0.26
0.26
0.26
0.26
0.26
0.26
0.26
0.26
0.26
0.26
0.26
0.26
0.26
0.26
0.26
0.26
0.26
0.26
0.26
0.26
0.26
0.26
0.26
0.26
0.26
0.26
0.26
0.26
0.26
0.26
0.26
0.26
0.26
0.26
0.26
0.26
0.26
0.26
0.26
0.26
0.26
0.26
0.26
0.26
0.26
0.26
0.26
0.26
0.26
0.26
0.26
0.26
0.26
0.26
0.26
0.26
0.26
0.26
0.26
0.26
0.26
0.26
0.26
0.26
0.26
0.26
0.26
0.26
0.26
0.26
0.26
0.26
0.26
0.26
0.26
0.26
0.26
0.26
0.26
0.26
0.26
0.26
0.26
0.26
0.26
0.26
0.26
0.26
0.26
0.26
0.26
0.26
0.26
0.26
0.26
0.26
0.26
0.26
0.26
0.26
0.26
0.26
0.26
0.26
0.26
0.26
0.26
0.26
0.26
0.26
0.26
0.26
0.26
0.26
0.26
0.26
0.26
0.26
0.26
0.26
0.26
0.26
0.26
0.26
0.26
0.26
0.26
0.26
0.26
0.26
0.26
0.26
0.26
0.26
0.26
0.26
0.26
0.26
0.26
0.26
0.26
0.26
0.26
0.26
0.26
0.26
0.26
0.26
0.26
0.26
0.26
0.26
0.26
0.26
0.26
0.26
0.26
0.26
0.26
0.26
0.26
0.26
0.26
0.26
0.26
0.26
0.26
0.26
0.26
0.26
0.26
0.26
0.26
0.26
0.26
0.26
0.26
0.26
0.26
0.26
0.26
0.26
0.26
0.26
0.26
0.26
0.26
0.26
0.26
0.26
0.26
0.26
0.26
0.26
0.26
0.26
0.26
0.26
0.26
0.26
0.26
0.26
0.26
0.26
0.26
0.26
0.26
0.26
0.26
0.26
0.26
0.26
0.26
0.26
0.26
0.26
0.26
0.26
0.26
0.26
0.26
0.26
0.26
0.26
0.26
0.26
0.26
0.26
0.26
0.26
0.26
0.26
0.26
0.26
0.26
0.26
0.26
0.26
0.26
0.26
0.26
0.26
0.26
0.26
0.26
0.26
0.26
0.26
0.26
0.26
0.26
0.26
0.26
0.26
0.26
0.26
0.26
0.26
0.26
0.26
0.26
0.26
0.26
0.26
0.26
0.26
0.26
0.26
0.26
0.26
0.26
0.26
0.26
0.26
0.26
0.26
0.26
0.26
0.26
0.26
0.26
0.26
0.26
0.26
0.26
0.26
0.26
0.26
0.26
0.26
0.26
0.26
0.26
0.26
0.26
0.26
0.26
0.26
0.26
0.26
0.26
0.26
0.26
0.26
0.26
0.26
0.26
0.26
0.26
0.26
0.26
0.26
0.26
0.26
0.26
0.26
0.26
0.26
0.26
0.26
0.26
0.26
0.26
0.26
0.26
0.26
0.26
0.26
0.26
0.26
0.26
0.26
0.26
0.26
0.26
0.26
0.26
0.26
0.26
0.26
0.26
0.26
0.26
0.26
0.26
0.26
0.26
0.26
0.26
0.26
0.26
0.26
0.26
0.26
0.26
0.26
0.26
0.26
0.26
0.26
0.26
0.26
0.26
0.26
0.26
0.26
0.26
0.26
0.26
0.26
0.26
0.26
0.26
0.26
0.26
0.26
0.26
0.26
0.26
0.26
0.26
0.26
0.26
0.26
0.26
0.26
0.26
0.26
0.26
0.26
0.26
0.26
0.26
0.26
0.26
0.26
0.26
0.26
0.26
0.26
0.26
0.26
0.26
0.26
0.26
0.26
0.26
0.26
0.26
0.26
0.26
0.26
0.26
0.26
0.26
0.26
0.26
0.26
0.26
0.26
0.26
0.26
0.26
0.26
0.26
0.26
0.26
0.26
0.26
0.26
0.26
0.26
0.26
0.26
0.26
0.26
0.26
0.26
0.26
0.26
0.26
0.26
0.26
0.26
0.26
0.26
0.26
0.26
0.26
0.26
0.26
0.26
0.26
0.26
0.26
0.26
0.26
0.26
0.26
0.26
0.26
0.26
0.26
0.26
0.26
0.26
0.26
0.26
0.26
0.26
0.26
0.26
0.26
0.26
0.26
0.26
0.26
0.26
0.26
0.26
0.26
0.26
0.26
0.26
0.26
0.26
0.26
0.26
0.26
0.26
0.26
0.26
0.26
0.26
0.26
0.26
0.26
0.26
0.26
0.26
0.26
0.26
0.26
0.26
0.26
0.26
0.26
0.26
0.26
0.26
0.26
0.26
0.26
0.26
0.26
0.26
0.26
0.26
0.26
0.26
0.26
0.26
0.26
0.26
0.26
0.26
0.26
0.26
0.26
0.26
0.26
0.26
0.26
0.26
0.26
0.26
0.26
0.26
0.26
0.26
0.26
0.26
0.26
0.26
0.26
0.26
0.26
0.26
0.26
0.26
0.26
0.26
0.26
0.26
0.26
0.26
0.26
0.26
0.26
0.26
0.26
0.26
0.26
0.26
0.26
0.26
0.26
0.26
0.26
0.26
0.26
0.26
0.26
0.26
0.26
0.26
0.26
0.26
0.26
0.26
0.26
0.26
0.26
0.26
0.26
0.26
0.26
0.26
0.26
0.26
0.26
0.26
0.26
0.26
0.26
0.26
0.26
0.26
0.26
0.26
0.26
0.26
0.26
0.26
0.26
0.26
0.26
0.26
0.26
0.26
0.26
0.26
0.26
0.26
0.26
0.26
0.26
0.26
0.26
0.26
0.26
0.26
0.26
0.26
0.26
0.26
0.26
0.26
0.26
0.26
0.26
0.26
0.26
0.26
0.26
0.26
0.26
0.26
0.26
0.26
0.26
0.26
0.26
0.26
0.26
0.26
0.26
0.26
0.26
0.26
0.26
0.26
0.26
0.26
0.26
0.26
0.26
0.26
0.26
0.26
0.26
0.26
0.26
0.26
0.26
0.26
0.26
0.26
0.26
0.26
0.26
0.26
0.26
0.26
0.26
0.26
0.26
0.26
0.26
0.26
0.26
0.26
0.26
0.26
0.26
0.26
0.26
0.258448
0.26
0.26
0.258959
0.26
0.26
0.26
0.26
0.26
0.26
0.26
0.26
0.26
0.26
0.253996
0.258469
0.26
0.26
0.257696
0.248769
0.252995
0.25733
0.248766
0.252987
0.257162
0.26
0.252558
0.256649
0.26
0.240402
0.244198
0.247995
0.251765
0.24275
0.246375
0.237716
0.24117
0.244612
0.23608
0.239376
0.242671
0.234368
0.237446
0.240588
0.243662
0.236216
0.239188
0.242235
0.245282
0.230002
0.232948
0.235806
0.231628
0.228676
0.231665
0.234569
0.237547
0.235726
0.238795
0.241781
0.241245
0.244421
0.247597
0.250774
0.251281
0.254597
0.257912
0.255694
0.259227
0.26
0.26
0.26
0.26
0.26
0.26
0.26
0.26
0.26
0.26
0.26
0.26
0.26
0.26
0.26
0.26
0.26
0.26
0.26
0.26
0.26
0.26
0.26
0.26
0.26
0.26
0.26
0.26
0.26
0.26
0.26
0.26
0.26
0.259755
0.26
0.26
0.25888
0.26
0.252494
0.258675
0.26
0.251942
0.258342
0.26
0.26
0.257561
0.26
0.26
0.257241
0.26
0.26
0.26
0.242715
0.249483
0.256171
0.242282
0.229074
0.236277
0.236279
0.242768
0.230083
0.236544
0.243005
0.249465
0.237376
0.2438
0.250224
0.217937
0.224269
0.230601
0.217893
0.224178
0.212276
0.21852
0.224763
0.231007
0.21981
0.226018
0.232227
0.238435
0.229118
0.235305
0.241491
0.233533
0.239714
0.245894
0.252075
0.233143
0.23937
0.245597
0.251825
0.234412
0.240745
0.247079
0.253412
0.247324
0.253713
0.26
0.253347
0.259782
0.26
0.26
0.26
0.26
0.26
0.252479
0.258979
0.26
0.26
0.259112
0.244985
0.251449
0.257912
0.24256
0.248979
0.255398
0.26
0.244863
0.251226
0.257589
0.240668
0.246973
0.253278
0.259583
0.219725
0.225932
0.23214
0.217214
0.203588
0.209758
0.215928
0.222099
0.209372
0.215549
0.221726
0.227904
0.217412
0.223609
0.229806
0.236003
0.212641
0.218917
0.225192
0.218237
0.211469
0.217861
0.224253
0.230645
0.22244
0.228887
0.235333
0.22634
0.232823
0.239305
0.245787
0.235951
0.242449
0.248948
0.22037
0.220375
0.226849
0.233323
0.22081
0.206893
0.213268
0.219644
0.226019
0.212531
0.218846
0.225161
0.211495
0.217752
0.224008
0.230265
0.19523
0.201386
0.207543
0.193075
0.199196
0.18449
0.190589
0.196687
0.202786
0.189537
0.195629
0.201721
0.18976
0.195859
0.201958
0.208058
0.181793
0.187951
0.194109
0.185935
0.192148
0.183945
0.190227
0.196509
0.188815
0.195169
0.201523
0.207878
0.200911
0.207329
0.213747
0.20641
0.212876
0.219342
0.225808
0.204028
0.210528
0.217028
0.206835
0.213322
0.202375
0.208831
0.215288
0.203872
0.210284
0.216696
0.223108
0.210349
0.216712
0.223075
0.190462
0.196742
0.203023
0.209304
0.194433
0.200684
0.186089
0.192325
0.198561
0.184102
0.190337
0.196572
0.182088
0.188337
0.194587
0.200836
0.18795
0.194226
0.200501
0.206777
0.177869
0.184222
0.190575
0.180625
0.170655
0.1771
0.183544
0.189988
0.180148
0.186627
0.193106
0.184461
0.190959
0.197457
0.203955
0.194986
0.194834
0.201044
0.172246
0.177642
0.182966
0.188245
0.173087
0.156763
0.161119
0.165422
0.169399
0.152406
0.156007
0.159653
0.142258
0.145355
0.148336
0.151338
0.113348
0.115727
0.118454
0.101523
0.103761
0.0865351
0.0883241
0.0902737
0.0919929
0.0749258
0.0766339
0.0778761
0.060948
0.0621964
0.0632219
0.0643333
0.0461266
0.0469268
0.0477387
0.0128512
0.0134707
0.0136309
-0.00407771
-0.0039303
-0.0210584
-0.0215212
-0.0151637
-0.0346329
-0.0306493
-0.0266657
-0.0227616
-0.0362745
-0.0322845
-0.0282945
-0.0410259
-0.0371977
-0.0332048
-0.0292118
-0.0569028
-0.0529758
-0.0491341
-0.0451275
-0.0653289
-0.0613577
-0.0574723
-0.0534214
-0.058006
-0.0539961
-0.0500724
-0.051273
-0.0473119
-0.0432544
-0.0418221
-0.0376304
-0.0334386
-0.0292469
-0.0210615
-0.0169088
-0.0125876
-0.00826637
-0.000116296
0.00886178
0.0133143
0.0177669
0.0221388
0.0331695
0.0376934
0.0422173
0.055762
0.0602785
0.0647066
0.0693037
0.0852567
0.0898467
0.0943488
0.124209
0.129002
0.133715
0.138342
0.156358
0.173215
0.178082
0.18287
0.198323
0.203205
0.208087
0.212892
0.227265
0.232148
0.237032
0.24184
0.26
0.26
0.26
0.26
0.26
0.26
0.26
0.26
0.26
0.26
0.26
0.26
0.26
0.26
0.26
0.26
0.26
0.26
0.26
0.26
0.26
0.26
0.26
0.26
0.26
0.26
0.26
0.26
0.26
0.26
0.26
0.26
0.26
0.26
0.26
0.26
0.26
0.26
0.26
0.26
0.26
0.26
0.26
0.26
0.26
0.26
0.26
0.26
0.26
0.26
0.26
0.26
0.26
0.26
0.26
0.26
0.26
0.26
0.26
0.26
0.26
0.26
0.26
0.26
0.26
0.26
0.26
0.26
0.26
0.26
0.26
0.26
0.26
0.26
0.26
0.26
0.26
0.26
0.26
0.26
0.26
0.26
0.26
0.26
0.26
0.26
0.26
0.26
0.26
0.26
0.26
0.26
0.26
0.26
0.26
0.26
0.26
0.26
0.26
0.26
0.26
0.26
0.26
0.26
0.26
0.26
0.26
0.26
0.26
0.26
0.26
0.26
0.26
0.26
0.26
0.26
0.26
0.26
0.26
0.26
0.26
0.26
0.26
0.26
0.26
0.26
0.26
0.26
0.26
0.26
0.26
0.26
0.26
0.26
0.26
0.26
0.26
0.26
0.26
0.26
0.26
0.26
0.26
0.26
0.26
0.26
0.26
0.26
0.26
0.26
0.26
0.26
0.26
0.26
0.26
0.26
0.26
0.26
0.26
0.26
0.26
0.26
0.26
0.26
0.26
0.26
0.26
0.26
0.26
0.26
0.26
0.26
0.26
0.26
0.26
0.26
0.26
0.26
0.26
0.26
0.26
0.26
0.26
0.26
0.26
0.26
0.26
0.26
0.26
0.26
0.26
0.26
0.26
0.26
0.26
0.26
0.26
0.26
0.26
0.26
0.26
0.26
0.26
0.26
0.26
0.26
0.26
0.26
0.26
0.26
0.26
0.26
0.26
0.26
0.26
0.26
0.26
0.26
0.26
0.26
0.26
0.26
0.26
0.26
0.26
0.26
0.26
0.26
0.26
0.26
0.26
0.26
0.26
0.26
0.26
0.26
0.26
0.26
0.26
0.26
0.26
0.26
0.26
0.26
0.26
0.26
0.26
0.26
0.26
0.26
0.26
0.26
0.26
0.26
0.26
0.26
0.26
0.26
0.26
0.26
0.26
0.26
0.26
0.26
0.26
0.26
0.26
0.26
0.26
0.26
0.26
0.26
0.26
0.26
0.26
0.26
0.26
0.26
0.26
0.26
0.26
0.26
0.26
0.26
0.26
0.26
0.26
0.26
0.26
0.26
0.26
0.26
0.26
0.26
0.26
0.26
0.26
0.26
0.26
0.26
0.26
0.26
0.26
0.26
0.26
0.26
0.26
0.26
0.26
0.26
0.26
0.26
0.26
0.26
0.26
0.26
0.26
0.26
0.26
0.26
0.26
0.26
0.26
0.26
0.26
0.26
0.26
0.26
0.26
0.26
0.26
0.26
0.26
0.26
0.26
0.26
0.26
0.26
0.26
0.26
0.26
0.26
0.26
0.26
0.26
0.26
0.26
0.26
0.26
0.26
0.26
0.26
0.26
0.26
0.26
0.26
0.26
0.26
0.26
0.26
0.26
0.26
0.26
0.26
0.26
0.26
0.26
0.26
0.26
0.26
0.26
0.26
0.26
0.26
0.26
0.26
0.26
0.26
0.26
0.26
0.26
0.26
0.26
0.26
0.26
0.26
0.26
0.26
0.26
0.26
0.26
0.26
0.26
0.26
0.26
0.26
0.26
0.26
0.26
0.26
0.26
0.26
0.26
0.26
0.26
0.26
0.26
0.26
0.26
0.26
0.26
0.26
0.26
0.26
0.26
0.26
0.26
0.26
0.26
0.26
0.26
0.26
0.26
0.26
0.26
0.26
0.26
0.26
0.26
0.257883
0.26
0.26
0.258241
0.26
0.26
0.26
0.26
0.26
0.26
0.26
0.26
0.26
0.26
0.26
0.26
0.26
0.26
0.26
0.26
0.26
0.26
0.26
0.26
0.26
0.26
0.26
0.26
0.26
0.26
0.26
0.26
0.26
0.26
0.26
0.26
0.26
0.26
0.26
0.26
0.26
0.26
0.26
0.26
0.26
0.26
0.26
0.26
0.26
0.26
0.26
0.26
0.26
0.26
0.26
0.26
0.26
0.26
0.26
0.26
0.26
0.26
0.26
0.26
0.26
0.26
0.26
0.26
0.26
0.26
0.26
0.26
0.26
0.26
0.26
0.26
0.26
0.26
0.26
0.26
0.26
0.26
0.26
0.26
0.26
0.26
0.26
0.26
0.26
0.26
0.26
0.26
0.26
0.26
0.26
0.26
0.26
0.26
0.26
0.26
0.26
0.26
0.26
0.26
0.26
0.26
0.26
0.26
0.26
0.26
0.26
0.26
0.26
0.26
0.26
0.26
0.26
0.26
0.26
0.26
0.26
0.26
0.26
0.26
0.256355
0.24214
0.244593
0.246917
0.249362
0.236194
0.238491
0.240911
0.228838
0.231249
0.233525
0.235927
0.225077
0.227342
0.229736
0.21312
0.21539
0.217674
0.21429
0.216735
0.216048
0.218518
0.220997
0.222784
0.225184
0.227691
0.230206
0.233889
0.236434
0.238986
0.241537
0.247896
0.2505
0.253587
0.25522
0.257671
0.26
0.26
0.26
0.26
0.26
0.26
0.26
0.26
0.26
0.26
0.26
0.26
0.26
0.26
0.26
0.26
0.26
0.26
0.26
0.26
0.26
0.26
0.26
0.26
0.26
0.26
0.26
0.26
0.26
0.26
0.26
0.26
0.26
0.26
0.26
0.26
0.26
0.26
0.26
0.26
0.252433
0.25448
0.256372
0.258274
0.242781
0.244767
0.246591
0.22996
0.231892
0.233657
0.23543
0.202834
0.20454
0.20623
0.192293
0.194148
0.182651
0.184342
0.186034
0.177054
0.178758
0.180472
0.182351
0.175562
0.177313
0.179065
0.175283
0.177073
0.178873
0.1809
0.179431
0.181365
0.1833
0.185375
0.19372
0.195819
0.198037
0.200127
0.207923
0.210106
0.212395
0.221071
0.223332
0.225688
0.227943
0.237167
0.23952
0.241823
0.244152
0.259312
0.26
0.26
0.26
0.26
0.26
0.26
0.26
0.26
0.26
0.26
0.26
0.26
0.26
0.26
0.26
0.26
0.26
0.26
0.26
0.26
0.26
0.26
0.26
0.26
0.26
0.26
0.26
0.26
0.26
0.26
0.26
0.25898
0.240448
0.237903
0.235185
0.232294
0.1946
0.191147
0.187406
0.167292
0.148143
0.143942
0.139443
0.134914
0.116107
0.111242
0.10635
0.0891313
0.08405
0.078833
0.0734903
0.0576108
0.052275
0.0466853
0.0240615
0.0232607
0.0226903
0.0217926
0.0130072
0.00496453
0.00451071
0.00373976
0.00306328
-0.00375522
-0.00436937
-0.00476477
-0.0111852
-0.0117446
-0.0123041
-0.012635
-0.0197736
-0.0202943
-0.020815
-0.0325002
-0.033042
-0.0334934
-0.0339448
-0.038007
-0.0385406
-0.0389601
-0.0392914
-0.0377632
-0.0378163
-0.0381523
-0.0384012
-0.0347509
-0.0347203
-0.0349656
-0.0278252
-0.0278767
-0.0279282
-0.0277961
-0.000672
-0.000427392
-0.000182785
0.00022706
0.0396706
0.0402778
0.0408849
0.0416352
0.0641205
0.0649209
0.0657214
0.0897099
0.0906357
0.0916331
0.0926304
0.117034
0.118336
0.11946
0.171571
0.173192
0.174897
0.17645
0.206491
0.237258
0.239402
0.24142
0.26
0.26
0.26
0.26
0.26
0.26
0.26
0.26
0.26
0.26
0.26
0.26
0.26
0.26
0.26
0.26
0.26
0.26
0.26
0.26
0.26
0.26
0.26
0.26
0.26
0.26
0.26
0.26
0.26
0.26
0.26
0.26
0.26
0.26
0.26
0.26
0.26
0.26
0.26
0.26
0.26
0.26
0.26
0.26
0.26
0.26
0.26
0.26
0.26
0.26
0.26
0.26
0.26
0.26
0.26
0.26
0.26
0.26
0.26
0.26
0.26
0.26
0.26
0.26
0.26
0.26
0.26
0.26
0.26
0.26
0.26
0.26
0.26
0.26
0.26
0.26
0.26
0.26
0.26
0.26
0.26
0.26
0.26
0.26
0.26
0.26
0.26
0.26
0.26
0.26
0.26
0.26
0.26
0.26
0.26
0.26
0.26
0.26
0.26
0.26
0.26
0.26
0.26
0.26
0.26
0.26
0.26
0.26
0.26
0.26
0.26
0.26
0.26
0.26
0.26
0.26
0.26
0.26
0.26
0.26
0.26
0.26
0.26
0.26
0.26
0.26
0.26
0.26
0.26
0.26
0.26
0.26
0.26
0.26
0.26
0.26
0.26
0.26
0.26
0.26
0.26
0.26
0.26
0.26
0.26
0.26
0.26
0.26
0.26
0.26
0.26
0.26
0.26
0.26
0.26
0.26
0.26
0.26
0.26
0.26
0.26
0.26
0.26
0.26
0.26
0.26
0.26
0.26
0.26
0.26
0.26
0.26
0.26
0.26
0.26
0.26
0.26
0.26
0.26
0.26
0.26
0.26
0.26
0.26
0.26
0.26
0.26
0.26
0.26
0.26
0.26
0.26
0.26
0.26
0.26
0.26
0.26
0.26
0.26
0.26
0.26
0.26
0.26
0.26
0.26
0.26
0.26
0.26
0.26
0.26
0.26
0.26
0.26
0.26
0.26
0.26
0.26
0.26
0.26
0.26
0.26
0.26
0.26
0.26
0.26
0.26
0.26
0.26
0.26
0.26
0.26
0.26
0.26
0.26
0.26
0.26
0.26
0.26
0.26
0.26
0.26
0.26
0.26
0.26
0.26
0.26
0.26
0.26
0.26
0.26
0.26
0.26
0.26
0.26
0.26
0.26
0.26
0.26
0.26
0.26
0.26
0.26
0.26
0.26
0.26
0.26
0.26
0.26
0.26
0.26
0.26
0.26
0.26
0.26
0.26
0.26
0.26
0.26
0.26
0.26
0.26
0.26
0.26
0.26
0.26
0.26
0.26
0.26
0.26
0.26
0.26
0.26
0.26
0.26
0.26
0.26
0.26
0.26
0.26
0.26
0.26
0.26
0.26
0.26
0.26
0.26
0.26
0.26
0.26
0.26
0.26
0.26
0.26
0.26
0.26
0.26
0.26
0.26
0.26
0.26
0.26
0.26
0.26
0.26
0.26
0.26
0.26
0.26
0.26
0.26
0.26
0.26
0.26
0.26
0.26
0.26
0.26
0.26
0.26
0.26
0.26
0.26
0.26
0.26
0.26
0.26
0.26
0.26
0.26
0.26
0.26
0.26
0.26
0.26
0.26
0.26
0.26
0.26
0.26
0.26
0.26
0.26
0.26
0.26
0.26
0.26
0.26
0.26
0.26
0.26
0.26
0.26
0.26
0.26
0.26
0.26
0.26
0.26
0.26
0.26
0.26
0.26
0.26
0.26
0.26
0.26
0.26
0.26
0.26
0.26
0.26
0.26
0.26
0.26
0.26
0.26
0.26
0.26
0.26
0.26
0.26
0.26
0.26
0.26
0.26
0.26
0.26
0.26
0.26
0.26
0.26
0.26
0.26
0.26
0.26
0.26
0.26
0.26
0.26
0.26
0.26
0.26
0.26
0.26
0.26
0.26
0.26
0.26
0.26
0.26
0.26
0.26
0.26
0.26
0.26
0.26
0.26
0.26
0.26
0.26
0.26
0.26
0.26
0.26
0.26
0.26
0.26
0.26
0.26
0.26
0.26
0.26
0.26
0.26
0.26
0.26
0.26
0.26
0.25928
0.26
0.26
0.26
0.26
0.26
0.26
0.26
0.26
0.26
0.26
0.26
0.26
0.26
0.26
0.26
0.26
0.26
0.26
0.26
0.26
0.26
0.26
0.26
0.26
0.26
0.26
0.26
0.26
0.26
0.26
0.26
0.26
0.26
0.26
0.26
0.26
0.26
0.26
0.26
0.26
0.26
0.26
0.26
0.26
0.26
0.26
0.26
0.26
0.26
0.26
0.26
0.26
0.26
0.254861
0.25809
0.26
0.25487
0.258029
0.251829
0.255093
0.258354
0.253081
0.256384
0.259687
0.26
0.258626
0.26
0.26
0.26
0.26
0.26
0.26
0.259923
0.26
0.26
0.26
0.26
0.26
0.26
0.26
0.26
0.26
0.26
0.26
0.26
0.26
0.26
0.26
0.26
0.26
0.26
0.26
0.26
0.26
0.26
0.251768
0.256458
0.26
0.26
0.251348
0.256086
0.26
0.26
0.251316
0.256085
0.26
0.26
0.232129
0.237
0.241795
0.227886
0.214463
0.219341
0.224143
0.228871
0.215352
0.220229
0.225032
0.212219
0.217095
0.221971
0.226847
0.214199
0.218923
0.223795
0.193946
0.198731
0.203444
0.208302
0.197022
0.18601
0.190543
0.195371
0.200199
0.189982
0.194645
0.199447
0.204248
0.194553
0.19925
0.20388
0.18113
0.185797
0.1904
0.194941
0.186781
0.178898
0.183369
0.18778
0.19231
0.185331
0.18978
0.194175
0.187651
0.192014
0.196377
0.200689
0.184057
0.188221
0.192386
0.196507
0.190461
0.184395
0.188318
0.19224
0.19613
0.190023
0.193814
0.197606
0.191516
0.195082
0.198736
0.202082
0.182953
0.186287
0.189547
0.192888
0.1867
0.18047
0.183482
0.186409
0.180258
0.183093
0.185947
0.18871
0.181861
0.184461
0.187161
0.179468
0.181986
0.184504
0.187022
0.170233
0.172429
0.174692
0.16817
0.170388
0.165139
0.167238
0.169337
0.165597
0.167597
0.169665
0.171733
0.169684
0.171695
0.173775
0.173913
0.176048
0.178237
0.180304
0.185548
0.187937
0.190367
0.196867
0.203739
0.2065
0.209283
0.211972
0.219192
0.222148
0.225104
0.23203
0.235091
0.238229
0.241366
0.247807
0.25104
0.254352
0.257664
0.26
0.26
0.26
0.26
0.26
0.26
0.26
0.26
0.26
0.26
0.26
0.26
0.26
0.26
0.26
0.26
0.26
0.26
0.26
0.26
0.26
0.26
0.26
0.26
0.26
0.26
0.26
0.26
0.26
0.26
0.26
0.26
0.26
0.26
0.26
0.26
0.26
0.26
0.26
0.254709
0.259407
0.26
0.24374
0.250033
0.245963
0.226832
0.234784
0.242175
0.249939
0.233317
0.241019
0.248862
0.213397
0.221262
0.228949
0.2366
0.225618
0.21535
0.223017
0.230752
0.238213
0.228087
0.235741
0.243281
0.233939
0.241318
0.248529
0.255866
0.247165
0.25409
0.26
0.26
0.242916
0.249421
0.255836
0.245545
0.233498
0.239187
0.244919
0.25039
0.236308
0.241384
0.246253
0.230301
0.234798
0.239178
0.243464
0.22503
0.226535
0.226629
0.190178
0.195764
0.20135
0.206935
0.193129
0.181872
0.18729
0.192708
0.183327
0.188702
0.194077
0.199453
0.191516
0.196883
0.20225
0.196077
0.201468
0.206859
0.21225
0.197395
0.202928
0.208462
0.205152
0.202536
0.208295
0.214054
0.219813
0.218165
0.224051
0.229937
0.229156
0.235167
0.241177
0.247188
0.244898
0.251022
0.257146
0.241293
0.247617
0.253941
0.26
0.253528
0.245186
0.251639
0.258092
0.249485
0.255971
0.26
0.26
0.259379
0.26
0.26
0.26
0.26
0.26
0.26
0.25066
0.257077
0.26
0.249973
0.25632
0.242879
0.249139
0.2554
0.241398
0.247553
0.253708
0.259864
0.244428
0.250464
0.256499
0.241423
0.247343
0.253262
0.259182
0.223288
0.229004
0.23472
0.220617
0.206732
0.212284
0.217837
0.223389
0.209201
0.214674
0.220147
0.225621
0.212815
0.218224
0.223633
0.211942
0.21731
0.222678
0.228047
0.203057
0.208452
0.213847
0.206494
0.199987
0.205464
0.20557
0.200349
0.206065
0.211781
0.217497
0.21374
0.219601
0.225461
0.231322
0.217804
0.223938
0.230072
0.236207
0.230571
0.222872
0.229205
0.235538
0.241871
0.234121
0.240526
0.246931
0.23808
0.244537
0.250994
0.257451
0.24736
0.25385
0.26
0.231009
0.237501
0.243992
0.250483
0.234979
0.218652
0.225079
0.231506
0.214623
0.221008
0.227392
0.233777
0.215547
0.221888
0.228229
0.210164
0.216465
0.222767
0.229068
0.186442
0.192693
0.198944
0.182361
0.166946
0.173204
0.179462
0.185721
0.171083
0.177363
0.183643
0.170534
0.176844
0.183153
0.189463
0.176742
0.18309
0.189437
0.156272
0.162704
0.169135
0.175566
0.161423
0.146572
0.153057
0.159542
0.145447
0.151943
0.15844
0.164937
0.151716
0.158215
0.164715
0.171215
0.14167
0.148142
0.154613
0.161084
0.149768
0.136699
0.143094
0.149488
0.155882
0.142747
0.1491
0.155453
0.142146
0.148461
0.154776
0.161091
0.127196
0.133447
0.139699
0.145906
0.125153
0.113533
0.121168
0.128716
0.136191
0.125496
0.132826
0.140117
0.129179
0.136234
0.143294
0.149998
0.118942
0.125357
0.131658
0.138151
0.124587
0.109837
0.115616
0.121337
0.106506
0.111727
0.116875
0.12208
0.106027
0.110874
0.115587
0.0980928
0.102405
0.106707
0.110689
0.0736881
0.077642
0.0815063
0.0851436
0.0689577
0.0542988
0.057779
0.0609701
0.0470589
0.0501491
0.0529755
0.0558266
0.0421419
0.0436391
0.0422154
0.0469143
0.0236533
0.0285264
0.0333996
0.0249753
0.0296961
0.0219632
0.026845
0.0316496
0.0239385
0.0288223
0.0337061
0.0261004
0.0308309
0.0357156
0.0406002
0.0344685
0.0392766
0.0440079
0.0315077
0.0363835
0.0411846
0.0459111
0.045293
0.0470251
0.0518014
0.056506
0.0613549
0.065516
0.0702675
0.0749494
0.0797721
0.0838474
0.0887282
0.0933047
0.0949295
0.0996877
0.104446
0.109136
0.108396
0.113062
0.117728
0.12233
0.121114
0.125658
0.130203
0.132839
0.137253
0.141608
0.146078
0.147825
0.152166
0.156448
0.159139
0.163436
0.167684
0.171873
0.176228
0.180277
0.184326
0.187185
0.191
0.193978
0.197734
0.201464
0.204113
0.207698
0.211283
0.214849
0.216627
0.220024
0.22342
0.221772
0.224781
0.227706
0.230706
0.229337
0.23213
0.229541
0.232082
0.234624
0.237199
0.232796
0.235099
0.237403
0.231221
0.233331
0.235286
0.237265
0.219203
0.220875
0.222394
0.212951
0.214348
0.205526
0.206714
0.207971
0.209229
0.20098
0.203625
0.202075
0.194619
0.195736
0.196852
0.198081
0.185802
0.186934
0.188066
0.184511
0.185634
0.183568
0.184852
0.186239
0.1857
0.187102
0.188503
0.189904
0.191121
0.192593
0.194133
0.196719
0.198489
0.200111
0.201802
0.210384
0.212514
0.214518
0.222017
0.229299
0.231829
0.234394
0.236854
0.244399
0.247162
0.249947
0.256603
0.259581
0.26
0.26
0.26
0.26
0.26
0.26
0.26
0.26
0.26
0.26
0.26
0.26
0.26
0.26
0.26
0.26
0.26
0.26
0.26
0.26
0.26
0.26
0.26
0.26
0.26
0.26
0.26
0.26
0.26
0.26
0.26
0.26
0.26
0.26
0.26
0.26
0.26
0.26
0.26
0.26
0.26
0.26
0.26
0.26
0.26
0.26
0.26
0.26
0.26
0.26
0.26
0.26
0.26
0.26
0.26
0.26
0.26
0.26
0.26
0.26
0.26
0.26
0.259583
0.249906
0.248467
0.253307
0.258146
0.24777
0.252455
0.257302
0.26
0.253311
0.258009
0.26
0.26
0.248599
0.253403
0.258128
0.253069
0.248239
0.253044
0.257773
0.26
0.257107
0.26
0.26
0.26
0.26
0.26
0.26
0.26
0.26
0.26
0.26
0.26
0.26
0.26
0.26
0.26
0.26
0.26
0.26
0.26
0.26
0.26
0.26
0.26
0.26
0.26
0.259672
0.26
0.26
0.258748
0.26
0.253574
0.257049
0.26
0.26
0.256033
0.259467
0.26
0.255425
0.25879
0.26
0.26
0.258642
0.26
0.26
0.26
0.255335
0.258656
0.26
0.258098
0.254907
0.258338
0.26
0.259114
0.26
0.26
0.26
0.26
0.26
0.26
0.26
0.26
0.26
0.26
0.26
0.26
0.26
0.26
0.26
0.26
0.26
0.26
0.26
0.26
0.26
0.26
0.26
0.26
0.26
0.26
0.26
0.26
0.26
0.26
0.256529
0.26
0.26
0.26
0.256795
0.26
0.26
0.26
0.257321
0.26
0.26
0.252435
0.257307
0.26
0.226733
0.231617
0.236502
0.24131
0.226632
0.212255
0.217128
0.222001
0.226796
0.21401
0.218876
0.223742
0.212546
0.217247
0.222109
0.226971
0.204698
0.209408
0.214277
0.208457
0.213335
0.208934
0.213663
0.218547
0.216212
0.221019
0.22575
0.230633
0.228747
0.233545
0.238269
0.243141
0.240753
0.245603
0.250381
0.255087
0.244606
0.249373
0.254071
0.249757
0.245316
0.249805
0.254364
0.249213
0.253738
0.258264
0.26
0.257035
0.26
0.26
0.26
0.253516
0.257566
0.26
0.254505
0.258464
0.251108
0.254939
0.25877
0.250902
0.254535
0.258103
0.26
0.252619
0.256078
0.259467
0.250372
0.25368
0.256982
0.26
0.239609
0.242676
0.245749
0.238344
0.2318
0.23476
0.23772
0.240692
0.234553
0.237504
0.240455
0.235494
0.238391
0.241362
0.244227
0.237242
0.240267
0.243208
0.246224
0.236274
0.239424
0.242577
0.239372
0.236005
0.239302
0.242587
0.245719
0.242705
0.246089
0.249465
0.246394
0.249878
0.253363
0.256847
0.246385
0.250025
0.253752
0.25748
0.253443
0.248504
0.252472
0.256439
0.251223
0.255206
0.259288
0.26
0.257344
0.26
0.26
0.26
0.26
0.26
0.26
0.248465
0.252963
0.257405
0.26
0.250896
0.239541
0.244194
0.248784
0.236403
0.241119
0.245835
0.250484
0.236654
0.241424
0.246194
0.21235
0.217052
0.221897
0.226742
0.211035
0.215755
0.200168
0.205049
0.209929
0.193923
0.198654
0.203662
0.208384
0.191784
0.196511
0.201394
0.185862
0.190662
0.195383
0.200261
0.166454
0.171327
0.176122
0.180837
0.153079
0.15796
0.162764
0.167488
0.157945
0.16283
0.167638
0.172368
0.165014
0.169896
0.174778
0.179584
0.165209
0.170052
0.174895
0.172207
0.169617
0.174362
0.179106
0.183783
0.180752
0.185423
0.190093
0.195019
0.187125
0.191648
0.196109
0.200693
0.188918
0.193236
0.197496
0.193716
0.18986
0.193942
0.197965
0.202089
0.197149
0.201122
0.205061
0.199616
0.203431
0.207246
0.211044
0.205041
0.2087
0.212359
0.197461
0.200776
0.204173
0.207569
0.202056
0.196294
0.19951
0.202727
0.205943
0.200337
0.203419
0.206578
0.201146
0.204276
0.207327
0.210454
0.205314
0.208441
0.211489
0.201018
0.20422
0.207422
0.210623
0.208091
0.206529
0.209911
0.213284
0.212444
0.21594
0.219435
0.222917
0.222777
0.226401
0.230026
0.226951
0.230837
0.234661
0.238579
0.237676
0.241715
0.239315
0.243538
0.247762
0.243986
0.248231
0.252585
0.25694
0.251751
0.256169
0.26
0.25398
0.258557
0.26
0.239114
0.243856
0.248597
0.253271
0.241054
0.227846
0.232688
0.237531
0.242301
0.227396
0.232265
0.237135
0.221556
0.226287
0.231169
0.236051
0.219499
0.224228
0.229113
0.190284
0.195077
0.19979
0.204661
0.188963
0.173924
0.180109
0.18103
0.170315
0.177531
0.184665
0.191794
0.182318
0.189331
0.196347
0.203274
0.180422
0.186953
0.193432
0.186834
0.193211
0.186883
0.192757
0.198477
0.191647
0.196899
0.202209
0.207468
0.198158
0.202831
0.20755
0.212121
0.200521
0.204408
0.208466
0.181466
0.184305
0.187331
0.190466
0.17754
0.165143
0.167583
0.169492
0.156789
0.158735
0.160176
0.161792
0.148384
0.149739
0.150974
0.138718
0.143159
0.139703
0.118594
0.119502
0.120267
0.120992
0.113877
0.108629
0.109602
0.109948
0.11048
0.107745
0.107954
0.1087
0.109069
0.108623
0.10885
0.109371
0.112766
0.113583
0.114007
0.114837
0.118686
0.123177
0.124231
0.124793
0.125495
0.130979
0.131466
0.13208
0.138222
0.138578
0.139081
0.139369
0.145593
0.146293
0.146435
0.160093
0.160964
0.161202
0.161401
0.169172
0.175577
0.176206
0.176174
0.187812
0.181813
0.189695
0.198047
0.210645
0.218817
0.227185
0.238934
0.247285
0.255333
0.26
0.26
0.26
0.26
0.26
0.26
0.26
0.26
0.26
0.26
0.26
0.26
0.26
0.26
0.26
0.26
0.26
0.26
0.26
0.26
0.26
0.26
0.26
0.26
0.26
0.26
0.26
0.26
0.26
0.26
0.26
0.26
0.26
0.26
0.26
0.26
0.26
0.26
0.26
0.26
0.26
0.26
0.244033
0.228049
0.227447
0.226722
0.212127
0.211114
0.20995
0.208619
0.195028
0.193466
0.191933
0.190305
0.177508
0.175737
0.173742
0.171683
0.154035
0.151974
0.149706
0.141958
0.135352
0.133217
0.131053
0.12505
0.122811
0.120546
0.118024
0.1126
0.110228
0.107612
0.100425
0.0981471
0.0957965
0.0932452
0.0890053
0.0865538
0.0827846
0.0802303
0.0755028
0.0725052
0.0749178
0.0773303
0.0797428
0.08338
0.0858224
0.0884002
0.090978
0.101794
0.104576
0.107502
0.118348
0.121398
0.131761
0.135073
0.138384
0.148957
0.152374
0.155713
0.159207
0.169394
0.172989
0.176504
0.183449
0.187278
0.191231
0.194721
0.203049
0.207175
0.211301
0.216706
0.221403
0.22578
0.230156
0.234452
0.238532
0.24302
0.247508
0.251916
0.255334
0.259919
0.26
0.26
0.26
0.26
0.26
0.26
0.26
0.26
0.26
0.26
0.26
0.26
0.26
0.26
0.26
0.26
0.26
0.26
0.26
0.26
0.26
0.26
0.26
0.26
0.26
0.26
0.26
0.26
0.26
0.26
0.26
0.26
0.26
0.26
0.26
0.26
0.26
0.26
0.26
0.26
0.26
0.26
0.26
0.26
0.26
0.26
0.26
0.26
0.26
0.26
0.26
0.26
0.26
0.26
0.26
0.26
0.26
0.26
0.26
0.26
0.26
0.26
0.26
0.26
0.26
0.26
0.26
0.26
0.26
0.26
0.26
0.26
0.26
0.26
0.26
0.26
0.26
0.26
0.26
0.26
0.26
0.26
0.26
0.26
0.26
0.26
0.26
0.26
0.26
0.26
0.26
0.26
0.26
0.26
0.26
0.26
0.26
0.26
0.26
0.26
0.26
0.26
0.26
0.26
0.26
0.26
0.26
0.26
0.26
0.26
0.26
0.26
0.26
0.26
0.26
0.26
0.26
0.26
0.26
0.26
0.26
0.26
0.26
0.26
0.26
0.26
0.26
0.26
0.26
0.26
0.26
0.26
0.26
0.26
0.26
0.26
0.26
0.26
0.26
0.26
0.26
0.26
0.26
0.26
0.26
0.26
0.26
0.26
0.26
0.26
0.26
0.26
0.26
0.26
0.26
0.26
0.26
0.26
0.26
0.26
0.26
0.26
0.26
0.26
0.26
0.26
0.26
0.26
0.26
0.26
0.26
0.26
0.26
0.26
0.26
0.26
0.26
0.26
0.26
0.26
0.26
0.26
0.26
0.26
0.26
0.26
0.26
0.26
0.26
0.26
0.26
0.26
0.26
0.26
0.26
0.26
0.26
0.26
0.26
0.26
0.26
0.26
0.26
0.26
0.26
0.26
0.26
0.26
0.26
0.26
0.26
0.26
0.26
0.26
0.26
0.26
0.26
0.26
0.26
0.26
0.26
0.26
0.26
0.26
0.26
0.26
0.26
0.26
0.26
0.26
0.26
0.26
0.26
0.26
0.26
0.26
0.26
0.26
0.26
0.26
0.26
0.26
0.26
0.26
0.26
0.26
0.26
0.26
0.26
0.26
0.26
0.26
0.26
0.26
0.26
0.26
0.26
0.26
0.26
0.26
0.26
0.26
0.26
0.26
0.26
0.26
0.26
0.26
0.26
0.26
0.26
0.26
0.26
0.26
0.26
0.26
0.26
0.26
0.26
0.26
0.26
0.26
0.26
0.26
0.26
0.26
0.26
0.26
0.26
0.26
0.26
0.26
0.26
0.26
0.26
0.26
0.257748
0.244319
0.246208
0.248274
0.250229
0.238087
0.239553
0.241162
0.230175
0.231596
0.236214
0.236277
0.230005
0.234761
0.239517
0.228607
0.233551
0.238496
0.24344
0.243126
0.243822
0.249105
0.254388
0.254864
0.26
0.26
0.26
0.26
0.26
0.26
0.26
0.26
0.26
0.26
0.26
0.26
0.26
0.26
0.26
0.26
0.26
0.26
0.26
0.26
0.26
0.26
0.26
0.26
0.26
0.26
0.26
0.26
0.26
0.26
0.26
0.26
0.26
0.26
0.26
0.26
0.26
0.26
0.26
0.26
0.26
0.26
0.26
0.26
0.26
0.26
0.26
0.26
0.26
0.25947
0.26
0.26
0.259843
0.26
0.26
0.26
0.26
0.26
0.26
0.26
0.257724
0.26
0.26
0.26
0.26
0.256101
0.26
0.26
0.258904
0.26
0.26
0.26
0.26
0.26
0.26
0.26
0.26
0.26
0.26
0.257608
0.26
0.26
0.26
0.26
0.248805
0.255303
0.26
0.24701
0.24701
0.253508
0.26
0.244067
0.250544
0.257022
0.241975
0.248418
0.254862
0.26
0.226569
0.232917
0.239264
0.225898
0.212407
0.21864
0.224873
0.210849
0.217025
0.223201
0.229377
0.216307
0.222439
0.228571
0.234703
0.222308
0.228414
0.23452
0.205943
0.212067
0.218191
0.224315
0.214889
0.205993
0.212225
0.218456
0.224687
0.217452
0.223751
0.23005
0.223788
0.230152
0.236517
0.242881
0.222233
0.228702
0.235171
0.24164
0.231936
0.22038
0.22688
0.233379
0.222075
0.228561
0.235046
0.241531
0.229821
0.236272
0.242723
0.249174
0.235904
0.242304
0.248704
0.214927
0.221224
0.22752
0.233816
0.219105
0.205148
0.211376
0.217604
0.203847
0.210059
0.216272
0.222484
0.208363
0.214574
0.220785
0.207438
0.213659
0.219879
0.2261
0.192654
0.19891
0.205165
0.191785
0.178142
0.184443
0.190744
0.197046
0.182355
0.18869
0.195026
0.201362
0.186585
0.19296
0.199335
0.161301
0.167747
0.174193
0.180629
0.158219
0.1423
0.148788
0.155276
0.161764
0.145643
0.15214
0.158638
0.165135
0.14987
0.15637
0.16287
0.147913
0.154411
0.160908
0.167405
0.130079
0.13655
0.143021
0.128262
0.113361
0.119774
0.126187
0.11245
0.118823
0.125196
0.131569
0.118293
0.124626
0.130959
0.117953
0.12425
0.130547
0.136844
0.108866
0.115114
0.121361
0.111325
0.117562
0.108432
0.114671
0.12091
0.127148
0.118198
0.124452
0.130707
0.1212
0.127485
0.13377
0.140055
0.115266
0.12164
0.128014
0.134388
0.125593
0.117103
0.123558
0.130012
0.12054
0.127017
0.133494
0.123749
0.130242
0.136735
0.143227
0.135001
0.141501
0.148001
0.1545
0.132851
0.139328
0.145806
0.136094
0.125219
0.131633
0.138048
0.144462
0.132363
0.138743
0.145123
0.132993
0.139343
0.145693
0.152044
0.139286
0.145612
0.151938
0.119746
0.126046
0.132347
0.138647
0.127131
0.11625
0.122559
0.128868
0.119441
0.12577
0.132099
0.138428
0.129719
0.136053
0.136079
0.127318
0.13372
0.140122
0.146524
0.125571
0.132047
0.138523
0.144999
0.137521
0.129164
0.135664
0.142164
0.13374
0.140233
0.146726
0.138673
0.145144
0.151615
0.158086
0.150914
0.157346
0.163777
0.143599
0.14992
0.156241
0.162562
0.156019
0.149624
0.155848
0.162073
0.168297
0.161486
0.167679
0.173872
0.180065
0.173543
0.179721
0.185899
0.179308
0.185488
0.191668
0.171133
0.177356
0.183579
0.189802
0.18241
0.174458
0.180751
0.187045
0.193338
0.185945
0.192272
0.1986
0.204928
0.197447
0.20381
0.210173
0.186868
0.193306
0.199743
0.206181
0.196862
0.186555
0.193048
0.199541
0.206034
0.196155
0.202655
0.209155
0.215655
0.205828
0.212318
0.218807
0.191142
0.197555
0.203969
0.210382
0.198603
0.186299
0.192587
0.198875
0.187226
0.19345
0.199675
0.2059
0.19439
0.200554
0.206717
0.194902
0.201004
0.207107
0.21321
0.185008
0.190994
0.19698
0.202966
0.192136
0.182629
0.188535
0.194356
0.181935
0.189742
0.197505
0.205187
0.198664
0.206228
0.213723
0.207849
0.215091
0.222144
0.229294
0.209543
0.216103
0.222644
0.215725
0.207459
0.213353
0.219228
0.224772
0.213146
0.218233
0.223333
0.209155
0.213744
0.218392
0.222537
0.206108
0.210024
0.213745
0.173381
0.176641
0.179282
0.182403
0.16362
0.143757
0.146235
0.148249
0.149889
0.130232
0.131955
0.133074
0.113707
0.114943
0.115866
0.1224
0.100387
0.104788
0.109101
0.0802069
0.0847502
0.0892129
0.0797843
0.0841949
0.0772546
0.0818909
0.0864467
0.0814281
0.0861099
0.0907917
0.0953932
0.0920087
0.0967351
0.101461
0.0998412
0.104441
0.109207
0.113973
0.108611
0.113365
0.118036
0.12287
0.11907
0.123868
0.128584
0.133459
0.134739
0.139546
0.144274
0.146575
0.151458
0.156342
0.161149
0.163135
0.168008
0.172882
0.169396
0.174083
0.17891
0.183738
0.18432
0.1854
0.190132
0.194864
0.199596
0.201537
0.206073
0.210736
0.213119
0.217638
0.222095
0.226674
0.228867
0.233287
0.237648
0.235589
0.239862
0.243944
0.24808
0.247881
0.247075
0.251023
0.254936
0.253048
0.256829
0.26
0.26
0.26
0.26
0.26
0.26
0.26
0.26
0.26
0.26
0.26
0.26
0.26
0.252178
0.254766
0.257251
0.259806
0.250713
0.253095
0.255364
0.245512
0.24765
0.249789
0.251983
0.241258
0.243216
0.245174
0.247197
0.224074
0.225739
0.227404
0.219303
0.208863
0.210288
0.211781
0.205915
0.207385
0.208946
0.210347
0.206565
0.208054
0.209635
0.211055
0.209773
0.211333
0.21298
0.214444
0.218776
0.220619
0.222462
0.229308
0.236021
0.238271
0.24052
0.247435
0.249812
0.252258
0.259411
0.26
0.26
0.26
0.26
0.26
0.26
0.26
0.26
0.26
0.26
0.26
0.26
0.26
0.26
0.26
0.26
0.26
0.26
0.26
0.26
0.26
0.26
0.26
0.26
0.26
0.26
0.26
0.26
0.26
0.26
0.26
0.26
0.26
0.26
0.26
0.26
0.26
0.26
0.26
0.26
0.26
0.26
0.26
0.26
0.26
0.26
0.26
0.26
0.26
0.26
0.26
0.26
0.26
0.26
0.26
0.26
0.26
0.26
0.26
0.26
0.26
0.26
0.26
0.26
0.26
0.246734
0.251383
0.256197
0.242161
0.246891
0.251537
0.256347
0.241984
0.246713
0.2529
0.230642
0.238188
0.24588
0.253496
0.226998
0.234125
0.241585
0.233274
0.225288
0.232237
0.239479
0.24646
0.237912
0.244869
0.251587
0.258321
0.249833
0.256225
0.26
0.238649
0.244229
0.249734
0.25513
0.245218
0.234381
0.238735
0.243066
0.247445
0.234007
0.237553
0.241217
0.226689
0.229626
0.232534
0.235338
0.218896
0.221022
0.223151
0.225226
0.1902
0.191432
0.192598
0.177537
0.163339
0.160184
0.163864
0.171651
0.166081
0.173892
0.181642
0.177045
0.184619
0.192225
0.199868
0.184927
0.192359
0.199903
0.207334
0.203887
0.199813
0.207065
0.214233
0.209949
0.216938
0.223868
0.230729
0.225194
0.231837
0.238425
0.230912
0.237157
0.243249
0.249308
0.223843
0.229556
0.234977
0.240406
0.226954
0.212661
0.21756
0.222059
0.226451
0.210237
0.214106
0.21788
0.19935
0.202784
0.206112
0.208983
0.17189
0.168488
0.175591
0.161976
0.169256
0.157261
0.164677
0.171798
0.179246
0.16818
0.175358
0.182855
0.171654
0.178877
0.18641
0.19369
0.165006
0.172176
0.179532
0.186653
0.175369
0.164727
0.17183
0.178775
0.167988
0.174815
0.181454
0.188006
0.1762
0.182438
0.188708
0.159912
0.165583
0.17142
0.176891
0.163994
0.168994
0.155602
0.160139
0.164735
0.150574
0.15472
0.158783
0.143666
0.147284
0.148417
0.150818
0.140756
0.148644
0.156451
0.164218
0.137166
0.144748
0.152233
0.142993
0.13341
0.140752
0.147919
0.155108
0.143772
0.150631
0.157445
0.145654
0.152231
0.158714
0.165028
0.152362
0.158357
0.164295
0.129876
0.135355
0.140801
0.145979
0.129702
0.112834
0.117637
0.122006
0.105389
0.109479
0.113404
0.117488
0.100274
0.103638
0.107166
0.089125
0.0917745
0.0949877
0.0974699
0.059618
0.0616615
0.0679353
0.0456881
0.0505245
0.035729
0.0404928
0.0451732
0.0310384
0.0358871
0.0407357
0.0269442
0.0316373
0.0364916
0.0413458
0.0292079
0.0339069
0.0387665
0.0110506
0.0158423
0.0205527
0.0254223
0.0152276
0.00612999
0.0109307
0.0156514
0.0205296
0.0121237
0.0169277
0.0216523
0.0149191
0.0198025
0.0246091
0.029337
0.0242343
0.0291189
0.0340035
0.0226838
0.0272495
0.03213
0.0370106
0.0339555
0.0330285
0.0378916
0.0427548
0.0445149
0.0492164
0.0540616
0.0589069
0.0630119
0.0676895
0.0725073
0.078925
0.0837019
0.0884098
0.0930507
0.0989977
0.103677
0.108292
0.112675
0.11729
0.12181
0.12629
0.130711
0.133428
0.137888
0.142347
0.146752
0.149316
0.153677
0.158039
0.162349
0.161694
0.16585
0.170005
0.171008
0.174951
0.177308
0.181208
0.185108
0.187602
0.191247
0.19498
0.198713
0.20027
0.203732
0.207277
0.207643
0.210987
0.214258
0.21761
0.211194
0.214042
0.216982
0.219835
0.209497
0.211974
0.214487
0.216895
0.21061
0.212841
0.215121
0.217283
0.210466
0.209854
0.211862
0.194979
0.19675
0.198373
0.200065
0.193032
0.186656
0.188145
0.189703
0.19126
0.185155
0.186635
0.188184
0.182703
0.184358
0.185858
0.187426
0.182534
0.184145
0.18584
0.176291
0.17804
0.17979
0.181615
0.17905
0.177489
0.17944
0.181455
0.183339
0.18338
0.185469
0.187558
0.18884
0.191019
0.193267
0.195031
0.197485
0.199829
0.202243
0.203994
0.206752
0.209393
0.212052
0.214355
0.216582
0.219643
0.222621
0.224877
0.228089
0.231301
0.234435
0.236701
0.240076
0.243442
0.245517
0.249048
0.252579
0.25611
0.255618
0.259368
0.26
0.26
0.26
0.26
0.26
0.26
0.26
0.26
0.26
0.26
0.26
0.26
0.26
0.26
0.26
0.26
0.26
0.26
0.26
0.26
0.26
0.26
0.26
0.26
0.26
0.26
0.26
0.26
0.26
0.26
0.26
0.26
0.26
0.26
0.26
0.252979
0.257771
0.26
0.26
0.252855
0.232006
0.236829
0.241573
0.227659
0.232458
0.237258
0.241977
0.228605
0.233386
0.238168
0.226574
0.231179
0.235951
0.240722
0.215104
0.219805
0.224419
0.214973
0.205899
0.210636
0.215289
0.220105
0.211022
0.215782
0.220459
0.212169
0.217028
0.221888
0.226668
0.218726
0.2236
0.228475
0.233272
0.214052
0.218935
0.223819
0.217233
0.210646
0.215492
0.220339
0.225186
0.219196
0.223864
0.228672
0.2227
0.227385
0.232004
0.236758
0.219849
0.224453
0.228796
0.233395
0.227403
0.220917
0.225255
0.229535
0.233926
0.227154
0.231371
0.235531
0.22825
0.232376
0.236461
0.240486
0.220308
0.22415
0.227962
0.219591
0.223301
0.214914
0.218502
0.222072
0.21449
0.21798
0.22147
0.224946
0.218134
0.221547
0.22496
0.219045
0.222321
0.225678
0.229034
0.218137
0.221458
0.224705
0.222653
0.226013
0.224953
0.228292
0.231712
0.231476
0.234971
0.238397
0.241906
0.242379
0.246007
0.249615
0.250367
0.254126
0.257575
0.257884
0.253375
0.257288
0.26
0.26
0.25817
0.26
0.26
0.26
0.26
0.26
0.26
0.26
0.26
0.26
0.26
0.26
0.26
0.26
0.258101
0.26
0.26
0.26
0.259622
0.244766
0.249611
0.254457
0.239348
0.244068
0.248936
0.253804
0.23816
0.242889
0.247769
0.252649
0.235973
0.240704
0.245588
0.207423
0.212305
0.21711
0.221836
0.204933
0.189792
0.194589
0.199305
0.185607
0.190479
0.195274
0.199988
0.187481
0.192355
0.197229
0.186971
0.191692
0.196571
0.201582
0.18037
0.185101
0.189985
0.194869
0.178278
0.18299
0.187848
0.192707
0.187615
0.192371
0.197056
0.194081
0.198862
0.203574
0.208218
0.205913
0.210632
0.215286
0.205517
0.210069
0.21462
0.219172
0.214768
0.210047
0.214385
0.218724
0.214514
0.21862
0.222829
0.227039
0.22246
0.226427
0.230493
0.234558
0.219548
0.223256
0.226901
0.220297
0.223856
0.216056
0.219366
0.222757
0.226148
0.217666
0.217887
0.221053
0.212503
0.215621
0.218744
0.221786
0.212924
0.215919
0.218915
0.201266
0.204
0.206751
0.209579
0.203687
0.199147
0.201951
0.204755
0.201307
0.204073
0.206912
0.204306
0.207207
0.210123
0.212951
0.211625
0.214606
0.217598
0.220505
0.21794
0.221137
0.224334
0.226016
0.228075
0.231575
0.235074
0.23856
0.240231
0.243906
0.24758
0.248543
0.252297
0.256143
0.259989
0.259873
0.26
0.26
0.258654
0.26
0.26
0.26
0.26
0.259493
0.26
0.26
0.26
0.26
0.26
0.26
0.26
0.26
0.26
0.26
0.26
0.26
0.26
0.244307
0.249018
0.253875
0.258731
0.242882
0.227679
0.232564
0.237448
0.222325
0.227052
0.231935
0.236817
0.220863
0.225661
0.230378
0.214507
0.219373
0.22416
0.228865
0.191797
0.196638
0.201401
0.186918
0.174159
0.178985
0.183811
0.188557
0.176964
0.18179
0.186616
0.191363
0.18219
0.187024
0.191858
0.17408
0.180097
0.176416
0.17881
0.172536
0.167823
0.169996
0.172261
0.173995
0.17108
0.172758
0.17456
0.173468
0.174726
0.176572
0.177702
0.177674
0.17895
0.180074
0.180846
0.182245
0.183482
0.18453
0.186344
0.188503
0.189375
0.190322
0.192966
0.193844
0.194539
0.195092
0.198213
0.199
0.199149
0.203077
0.2037
0.203753
0.203927
0.212742
0.2132
0.21347
0.218908
0.219209
0.224719
0.225163
0.22532
0.233786
0.23132
0.231641
0.237863
0.238371
0.238441
0.238634
0.245551
0.245686
0.245997
0.245872
0.26
0.26
0.26
0.26
0.26
0.26
0.26
0.26
0.26
0.26
0.26
0.26
0.26
0.26
0.26
0.26
0.26
0.26
0.26
0.26
0.26
0.26
0.26
0.26
0.26
0.26
0.26
0.26
0.26
0.26
0.26
0.26
0.26
0.26
0.26
0.26
0.26
0.26
0.26
0.26
0.26
0.26
0.26
0.26
0.26
0.26
0.26
0.26
0.26
0.26
0.26
0.26
0.26
0.26
0.26
0.26
0.26
0.26
0.26
0.26
0.26
0.26
0.26
0.26
0.26
0.26
0.26
0.26
0.26
0.26
0.26
0.238894
0.236721
0.234373
0.191664
0.188829
0.185838
0.182878
0.162647
0.14425
0.143871
0.149587
0.141957
0.147875
0.153879
0.159916
0.15357
0.159661
0.166044
0.17228
0.166839
0.173002
0.17951
0.165053
0.171426
0.177806
0.18428
0.181167
0.178949
0.185333
0.191731
0.189998
0.196278
0.20243
0.20871
0.207193
0.213335
0.219352
0.218617
0.22427
0.230077
0.235802
0.226452
0.231468
0.236709
0.241667
0.231102
0.235365
0.239651
0.243943
0.23983
0.243556
0.247245
0.250734
0.245953
0.24514
0.250577
0.247232
0.252517
0.257983
0.26
0.251286
0.256492
0.26
0.258512
0.255121
0.26
0.26
0.26
0.26
0.26
0.26
0.26
0.26
0.26
0.26
0.26
0.26
0.26
0.26
0.26
0.26
0.26
0.26
0.26
0.26
0.26
0.26
0.26
0.26
0.26
0.26
0.26
0.26
0.26
0.26
0.26
0.26
0.26
0.26
0.26
0.26
0.26
0.26
0.26
0.26
0.26
0.26
0.26
0.26
0.26
0.26
0.26
0.26
0.26
0.26
0.26
0.26
0.26
0.26
0.26
0.26
0.26
0.26
0.26
0.26
0.26
0.26
0.26
0.26
0.26
0.26
0.26
0.26
0.26
0.26
0.26
0.26
0.26
0.26
0.26
0.26
0.26
0.26
0.26
0.26
0.26
0.26
0.26
0.26
0.26
0.251103
0.253687
0.256279
0.249121
0.251702
0.2462
0.248789
0.251288
0.25387
0.24966
0.252165
0.25478
0.251611
0.254212
0.256728
0.259322
0.254788
0.257341
0.259959
0.26
0.26
0.26
0.26
0.26
0.26
0.26
0.26
0.26
0.26
0.26
0.26
0.26
0.26
0.26
0.26
0.26
0.26
0.26
0.26
0.26
0.26
0.26
0.26
0.26
0.26
0.26
0.26
0.26
0.26
0.26
0.26
0.26
0.26
0.26
0.26
0.26
0.26
0.26
0.26
0.26
0.26
0.26
0.26
0.26
0.26
0.26
0.26
0.26
0.26
0.26
0.26
0.26
0.26
0.26
0.26
0.26
0.26
0.26
0.26
0.26
0.26
0.26
0.26
0.26
0.26
0.26
0.26
0.26
0.26
0.26
0.26
0.26
0.26
0.26
0.26
0.26
0.26
0.26
0.26
0.26
0.26
0.26
0.26
0.26
0.26
0.26
0.26
0.26
0.26
0.26
0.26
0.26
0.26
0.26
0.26
0.26
0.26
0.26
0.26
0.26
0.26
0.26
0.26
0.26
0.26
0.26
0.26
0.26
0.26
0.26
0.26
0.26
0.26
0.26
0.26
0.237199
0.236269
0.235113
0.233893
0.226247
0.220775
0.208379
0.206633
0.20485
0.192815
0.190759
0.188444
0.176683
0.173899
0.171604
0.168969
0.157626
0.154568
0.151773
0.148365
0.131863
0.128656
0.125149
0.117568
0.111394
0.107913
0.104422
0.0990168
0.095469
0.0916122
0.088018
0.0839184
0.0798796
0.0756719
0.0717385
0.0692249
0.0651472
0.0607447
0.0667469
0.0629526
0.058493
0.0543205
0.0587462
0.0662224
0.0620645
0.0579919
0.0535941
0.0641014
0.059938
0.0628846
0.060221
0.0788123
0.079232
0.079692
0.127798
0.128755
0.129629
0.15753
0.1588
0.186932
0.188483
0.190008
0.191559
0.217314
0.219116
0.220821
0.245293
0.2473
0.249337
0.251344
0.26
0.26
0.26
0.26
0.26
0.26
0.26
0.26
0.26
0.26
0.26
0.26
0.26
0.26
0.26
0.26
0.26
0.26
0.26
0.26
0.26
0.26
0.26
0.26
0.26
0.26
0.26
0.26
0.26
0.26
0.26
0.26
0.26
0.26
0.26
0.26
0.26
0.26
0.26
0.26
0.26
0.26
0.26
0.26
0.26
0.26
0.26
0.26
0.26
0.26
0.26
0.26
0.26
0.26
0.26
0.26
0.26
0.26
0.26
0.26
0.26
0.26
0.26
0.26
0.26
0.26
0.26
0.26
0.26
0.26
0.26
0.26
0.26
0.26
0.26
0.26
0.26
0.26
0.26
0.26
0.26
0.26
0.26
0.26
0.26
0.26
0.26
0.26
0.26
0.26
0.26
0.26
0.26
0.26
0.26
0.26
0.26
0.26
0.26
0.26
0.26
0.26
0.26
0.26
0.26
0.26
0.26
0.26
0.26
0.26
0.26
0.26
0.26
0.26
0.26
0.26
0.26
0.26
0.26
0.26
0.26
0.26
0.26
0.26
0.26
0.26
-0.0161313
0.0923776
0.0727635
0.0716911
0.0708107
0.0697383
0.0518697
0.0508028
0.0497436
0.0488769
0.0315222
0.0306824
0.0298549
-0.00106482
-0.00185326
-0.00283758
-0.00362601
-0.0189799
-0.0333986
-0.0341329
-0.0350652
-0.0481794
-0.0488697
-0.049772
-0.050475
-0.0629145
-0.0635838
-0.0641884
-0.0650802
-0.0849796
-0.085792
-0.0864018
-0.0959439
-0.0965313
-0.105449
-0.106226
0
-0.05477
-0.0626177
-0.0626177
-0.0626177
-0.0626177
-0.0705521
-0.0705521
-0.0705521
-0.0779135
-0.0779135
-0.0779135
-0.0779135
-0.0913264
-0.0913264
-0.0913264
-0.0969185
-0.101806
-0.101806
-0.101806
-0.101806
-0.106202
-0.106202
-0.106202
-0.110307
-0.110307
-0.110307
-0.110307
-0.114404
-0.114404
-0.114404
-0.122381
-0.122381
-0.122381
-0.122381
-0.126006
-0.129282
-0.129282
-0.129282
-0.129282
-0.132031
-0.132031
-0.132031
-0.134293
-0.134293
-0.134293
-0.134293
-0.135905
-0.135905
-0.135905
-0.136309
-0.136309
-0.136309
-0.136309
-0.134951
-0.133007
-0.133007
-0.133007
-0.130729
-0.130729
-0.130729
-0.130729
-0.128114
-0.128114
-0.128114
-0.125381
-0.125381
-0.125381
-0.125381
-0.119046
-0.119046
-0.119046
-0.115509
-0.111868
-0.111868
-0.111868
-0.111868
-0.108113
-0.108113
-0.108113
-0.104398
-0.104398
-0.104398
-0.104398
-0.100603
-0.100603
-0.100603
-0.0926734
-0.0926734
-0.0926734
-0.0926734
-0.0886068
-0.0847236
-0.0847236
-0.0847236
-0.0814875
-0.0814875
-0.0814875
-0.0814875
-0.0789339
-0.0789339
-0.0789339
-0.0771062
-0.0771062
-0.0771062
-0.0771062
-0.0759279
-0.0759279
-0.0759279
-0.0763575
-0.0763575
-0.0771349
-0.0771349
-0.0771349
-0.0780713
-0.0780713
-0.0780713
-0.078719
-0.078719
-0.078719
-0.078719
-0.078118
-0.078118
-0.078118
-0.0718836
-0.0718836
-0.0718836
-0.0718836
-0.0669214
-0.0619301
-0.0619301
-0.0619301
-0.0619301
-0.0571142
-0.0571142
-0.0571142
-0.0527136
-0.0527136
-0.0527136
-0.0485626
-0.0485626
-0.0485626
-0.0485626
-0.0406916
-0.0406916
-0.0406916
-0.0406916
-0.0368977
-0.0329171
-0.0329171
-0.0329171
-0.0329171
-0.0289599
-0.0289599
-0.0289599
-0.0255309
-0.0255309
-0.0255309
-0.0255309
-0.0232962
-0.0232962
-0.0232962
-0.0216022
-0.0216022
-0.0216022
-0.0216022
-0.0213019
-0.0211738
-0.0211738
-0.0211738
-0.0211673
-0.0211673
-0.0211673
-0.0211673
-0.0210952
-0.0210952
-0.0210952
-0.0210952
-0.0205329
-0.0205329
-0.0205329
-0.0200558
-0.0200558
-0.0192882
-0.0192882
-0.0192882
-0.0180747
-0.0180747
-0.0180747
-0.0180747
-0.0165108
-0.0165108
-0.0165108
-0.0147045
-0.0147045
-0.0147045
-0.0147045
-0.0103052
-0.0103052
-0.0103052
-0.00818374
-0.00648353
-0.00648353
-0.00648353
-0.00648353
-0.00512497
-0.00512497
-0.00512497
-0.00512497
-0.00445957
-0.00445957
-0.00445957
-0.00520347
-0.00520347
-0.00520347
-0.00520347
-0.00634709
-0.0075653
-0.0075653
-0.0075653
-0.0075653
-0.00797922
-0.00797922
-0.00797922
-0.00797922
-0.00756292
-0.00756292
-0.00756292
-0.00549052
-0.00549052
-0.00549052
-0.00549052
-0.00400674
-0.00266252
-0.00266252
-0.00266252
-0.00266252
-0.00100232
-0.00100232
-0.00100232
0.00107439
0
