1.41421
0.000875631
0.00300726
0.00556916
0.00816961
0.0107736
0.013379
0.0156014
0.0181313
0.0207485
0.0222488
0.0247941
0.0253913
0.0279554
0.0305206
0.0303895
0.0329975
0.0355875
0.0351951
0.0378359
0.0372683
0.039821
0.0424023
0.0417297
0.0443204
0.0468801
0.0459076
0.048481
0.0510922
0.0537064
0.0522713
0.0548467
0.057425
0.0554011
0.058039
0.06059
0.0631007
0.0562584
0.0588017
0.0613999
0.0589785
0.0615108
0.0589386
0.0614662
0.0641358
0.0585546
0.061087
0.0636951
0.0601806
0.0627972
0.0653435
0.0679603
0.0644633
0.0670789
0.0696947
0.0722442
0.062252
0.064842
0.0674342
0.0633114
0.0588254
0.0613555
0.0638926
0.0586965
0.0611889
0.0636914
0.0662027
0.0609758
0.0634426
0.065921
0.0606656
0.0630966
0.065503
0.0679599
0.0540885
0.0564043
0.05862
0.0527132
0.0550008
0.048742
0.050949
0.0532107
0.0472158
0.0494212
0.0516649
0.0539172
0.0479044
0.0501322
0.0523961
0.0462109
0.048428
0.0506833
0.0529719
0.0387996
0.0409527
0.0431571
0.0365282
0.0387337
0.0320625
0.0342927
0.0365741
0.029915
0.0322089
0.034571
0.0369675
0.030353
0.0327584
0.0352259
0.0207377
0.0232716
0.0258222
0.0283316
0.0222363
0.0248358
0.019098
0.0216472
0.0242642
0.0188099
0.0214151
0.0239486
0.0265587
0.0211896
0.0237713
0.0263599
0.0288764
0.0156235
0.0180632
0.0205466
0.0143103
0.0166733
0.010856
0.0130006
0.0151992
0.00938209
0.0114576
0.0137197
0.0159982
0.00955752
0.0118306
0.0142226
0.00293096
0.00183315
0.00343282
0.00582306
0.00123223
0.00156133
0.00803606
0.00571504
0.00380067
0.00960946
0.00774614
0.00628208
0.0114886
0.00986302
0.00873333
0.00837798
0.0119939
0.011159
0.0109037
0.0113208
0.0181215
0.0169894
0.0162047
0.0195862
0.0228364
0.0216582
0.020745
0.0201328
0.0226324
0.0219744
0.0216152
0.023534
0.023198
0.0230674
0.0232329
0.0262442
0.0257463
0.0254172
0.0253554
0.0261628
0.0271119
0.0266861
0.0264237
0.026932
0.0265317
0.0263912
0.0264906
0.0260914
0.0260204
0.0262755
0.026716
0.0252988
0.025536
0.0260354
0.0232414
0.0227106
0.022474
0.0225409
0.0207408
0.0194733
0.0187174
0.0183077
0.0167416
0.0160005
0.015667
0.0157668
0.0129508
0.0127019
0.0129868
0.00944595
0.00927272
0.00986602
0.0110062
0.00611421
0.00370174
0.00202008
0.00601945
0.00371639
0.0099785
0.00810284
0.00672889
0.0126675
0.0113288
0.0104841
0.0101813
0.0150708
0.0144348
0.0142582
0.0247316
0.0235437
0.0225978
0.0219252
0.0267515
0.0319726
0.0308048
0.0298216
0.0290416
0.033668
0.0328103
0.0320469
0.0314832
0.0354704
0.0346986
0.0341107
0.0337162
0.0412945
0.0402306
0.0402306
0.0438811
0.0426851
0.0457717
0.0444417
0.0432573
0.0456275
0.0443604
0.0431772
0.0449848
0.0437634
0.0426679
0.0416632
0.0428208
0.0417861
0.040893
0.0443847
0.0429892
0.0417362
0.0406135
0.0414735
0.0423781
0.0408885
0.0395163
0.038274
0.0385426
0.0371832
0.0359632
0.0358196
0.0344861
0.0333327
0.0328532
0.0316383
0.0305995
0.0297053
0.0291978
0.0278909
0.0267767
0.0258314
0.0247934
0.0240278
0.0228805
0.0219369
0.021
0.0201112
0.0195351
0.0193702
0.0178659
0.0176731
0.0178657
0.0184318
0.0147797
0.0144945
0.014678
0.0153133
0.013223
0.0120481
0.0120274
0.0125643
0.0110527
0.0113724
0.012323
0.0137143
0.0111039
0.0122619
0.013899
0.0158023
0.00945796
0.00965927
0.0105914
0.0120314
0.00983417
0.0106719
0.0100878
0.0102145
0.0115052
0.010945
0.0109149
0.0115585
0.012046
0.0120181
0.0124585
0.0134753
0.0133761
0.0137798
0.0146473
0.017768
0.0170142
0.0166423
0.0166779
0.0186731
0.0216089
0.0208425
0.0203856
0.0230471
0.0224265
0.0221004
0.0220819
0.0241189
0.0238727
0.0239757
0.0261997
0.0257727
0.025466
0.02549
0.0293586
0.0283698
0.0276775
0.0289594
0.0303042
0.0290193
0.0279571
0.0270111
0.0276514
0.0264725
0.0254699
0.0246843
0.0243426
0.0232798
0.0223943
0.023798
0.0218917
0.0200618
0.0183232
0.0184591
0.0197651
0.0173097
0.0150112
0.0125827
0.0148491
0.0122822
0.0097337
0.0139936
0.0115648
0.00939824
0.0074086
0.0139916
0.0127918
0.0119463
0.0267941
0.0259536
0.0253172
0.0250372
0.0317205
0.0385428
0.038271
0.038271
0.0382748
0.0444006
0.0445359
0.0448238
0.0504408
0.0508392
0.0514665
0.0522085
0.0575316
0.0583563
0.0592811
0.0677288
0.0686687
0.0695954
0.0708035
0.0753043
0.0795746
0.0807026
0.0820859
0.0860827
0.087466
0.088989
0.0905608
0.094435
0.0960998
0.0977879
0.101333
0.103118
0.105035
0.109676
0.111523
0.113398
0.115399
0.118294
0.120766
0.122855
0.125039
0.127238
0.129627
0.131847
0.13415
0.13649
0.13888
0.141278
0.141278
0.143689
0.146073
0.148494
0.150892
0.153327
0.155736
0.158182
0.160671
0.162994
0.165416
0.167842
0.169963
0.172391
0.174858
0.177293
0.17914
0.181667
0.18414
0.185636
0.188104
0.190541
0.193017
0.192692
0.195146
0.19757
0.200126
0.200466
0.20039
0.20279
0.205226
0.204558
0.206976
0.209368
0.211764
0.210602
0.212979
0.21539
0.213983
0.216373
0.218741
0.212562
0.214878
0.217224
0.219649
0.217069
0.213973
0.216268
0.218549
0.220857
0.217119
0.219399
0.221667
0.22406
0.220223
0.222492
0.22475
0.213393
0.215601
0.217804
0.220029
0.215007
0.209842
0.212002
0.214182
0.216361
0.210682
0.212839
0.215018
0.209456
0.211614
0.213871
0.216049
0.2018
0.203922
0.206048
0.208192
0.201947
0.195597
0.197707
0.199921
0.202055
0.195388
0.197513
0.19964
0.193103
0.195225
0.197366
0.199509
0.192817
0.194959
0.197121
0.180515
0.182667
0.184821
0.177625
0.179792
0.172213
0.174495
0.176702
0.178905
0.169401
0.171614
0.173853
0.166841
0.169188
0.171525
0.173948
0.167104
0.169549
0.171977
0.156923
0.159479
0.162012
0.164521
0.157951
0.151753
0.154375
0.156936
0.150745
0.153402
0.155931
0.158555
0.152223
0.15481
0.157396
0.151313
0.153859
0.156463
0.140808
0.143261
0.145809
0.148321
0.141155
0.133411
0.135863
0.138281
0.140705
0.132601
0.13498
0.137328
0.129571
0.131919
0.134239
0.136531
0.12889
0.12889
0.131191
0.133411
0.116305
0.118667
0.121039
0.123455
0.106878
0.109345
0.111849
0.114357
0.107288
0.109836
0.112388
0.105209
0.107822
0.110313
0.102681
0.105298
0.107869
0.110415
0.0926782
0.0952492
0.0978434
0.089972
0.0924915
0.0848325
0.0873758
0.0900411
0.0821393
0.0846151
0.087215
0.0898172
0.0817666
0.0843104
0.0868572
0.0700601
0.0726679
0.0752202
0.0777762
0.070534
0.0730674
0.066398
0.0690091
0.0716223
0.0628992
0.0654516
0.0679781
0.0623745
0.064987
0.0675998
0.0701368
0.0657182
0.0682662
0.0708834
0.0614809
0.0639829
0.0666074
0.0691479
0.0669639
0.0655283
0.0679999
0.0705398
0.0730844
0.0719718
0.0745433
0.076975
0.0763964
0.0788615
0.0814153
0.0838762
0.0836008
0.0860884
0.0885824
0.0910704
0.0888363
0.0911985
0.0936695
0.0941405
0.094703
0.0970603
0.0995428
0.100225
0.10268
0.105047
0.107537
0.10828
0.11066
0.113164
0.115653
0.113821
0.116322
0.118805
0.117466
0.119914
0.12234
0.124772
0.125013
0.125108
0.127482
0.129865
0.129528
0.131884
0.134248
0.133436
0.135808
0.138151
0.140504
0.135594
0.137906
0.140188
0.14248
0.14055
0.142809
0.140587
0.142813
0.145095
0.142477
0.144682
0.146857
0.143561
0.145742
0.147938
0.150192
0.146318
0.14849
0.150724
0.139131
0.141208
0.143302
0.145466
0.140412
0.135197
0.137279
0.139322
0.141384
0.13558
0.137586
0.139636
0.133754
0.135837
0.137882
0.139945
0.133737
0.135839
0.137903
0.122545
0.124603
0.126624
0.128666
0.121817
0.114522
0.116543
0.118587
0.111253
0.113308
0.115385
0.117483
0.110066
0.112185
0.114324
0.116532
0.108687
0.110874
0.113079
0.0957473
0.0979966
0.100263
0.102587
0.0953579
0.0891193
0.0914906
0.0938129
0.0883116
0.0907474
0.0932196
0.0956724
0.0905628
0.0930618
0.0955866
0.0910633
0.0936051
0.0961645
0.0848241
0.0874186
0.0900138
0.0926115
0.0884456
0.0843836
0.0869768
0.0894829
0.0829419
0.0855308
0.0881207
0.090693
0.0872676
0.0898323
0.0923746
0.0949444
0.0916384
0.0941735
0.0966826
0.0876173
0.0900373
0.0924248
0.0948653
0.0918306
0.0889321
0.0910878
0.0933985
0.0908505
0.0930331
0.0952926
0.0975695
0.0949402
0.0970914
0.0993218
0.0963347
0.0984367
0.100622
0.102828
0.0942186
0.096189
0.098255
0.0945982
0.0965307
0.0928996
0.0948381
0.096808
0.0927837
0.0946914
0.0966319
0.0985327
0.0936482
0.0955591
0.0975024
0.0994057
0.0871086
0.0889127
0.0906806
0.084917
0.0867113
0.0809997
0.0826733
0.0844067
0.0783427
0.0800287
0.081839
0.0836915
0.0769814
0.0787373
0.0806131
0.0738569
0.0756532
0.0775678
0.0795217
0.0631373
0.0649624
0.0669101
0.0594931
0.051749
0.0536795
0.0557308
0.0578269
0.0497345
0.0519149
0.054133
0.0463804
0.0486975
0.0510425
0.053412
0.0459576
0.0484211
0.0508989
0.0346686
0.0372713
0.0398746
0.0424784
0.0370398
0.0327633
0.0352251
0.0377289
0.0402244
0.0374812
0.0397977
0.0421832
0.040569
0.0426922
0.0449138
0.0471295
0.0447432
0.0463056
0.0463056
0.0480298
0.049029
0.0508722
0.0520155
0.0531767
0.0549842
0.0559324
0.0570715
0.0582193
0.0596729
0.0607358
0.061803
0.0629602
0.0639911
0.0650882
0.066183
0.0671423
0.0679354
0.0687257
0.0696049
0.0700891
0.0706073
0.0711958
0.071903
0.072025
0.0726466
0.0733557
0.0741498
0.0736919
0.074396
0.075184
0.0761441
0.0732106
0.0737162
0.0743098
0.0728238
0.0732942
0.071542
0.0719884
0.0724289
0.0702228
0.0705299
0.0710285
0.0684122
0.0686759
0.0691344
0.0695907
0.0664338
0.0667653
0.067293
0.0601094
0.0600464
0.060196
0.0603586
0.0563367
0.0524879
0.0523156
0.0521726
0.0521501
0.0476415
0.0474534
0.0474081
0.0425234
0.042416
0.0423684
0.0424811
0.0322975
0.0316348
0.0311768
0.0309327
0.0256468
0.0214381
0.0202565
0.0193561
0.0188771
0.0141938
0.0129452
0.0122355
0.0119575
0.00690485
0.0055133
0.00526694
0.0140247
0.0120592
0.0103033
0.00905811
0.0166752
0.024138
0.0229196
0.0220367
0.0214365
0.0284458
0.027825
0.027457
0.0335934
0.0330671
0.032839
0.0328171
0.0430105
0.0425675
0.0425675
0.042281
0.046394
0.0499794
0.0495728
0.049301
0.0490668
0.0520356
0.0519072
0.0519096
0.0519428
0.0541674
0.05431
0.0544725
0.0548578
0.0583395
0.0584307
0.0585378
0.0602034
0.0619604
0.0618128
0.0618745
0.0620458
0.0632517
0.0632292
0.0634137
0.0641671
0.0641691
0.0643766
0.0646823
0.0648444
0.0649644
0.0652878
0.0647585
0.064555
0.0645557
0.0646617
0.0638837
0.0630372
0.0627687
0.0626078
0.0624555
0.0610612
0.0608687
0.0607875
0.058849
0.0586134
0.0585033
0.056113
0.0558131
0.0556339
0.0555766
0.0505581
0.0498943
0.0493595
0.0488601
0.0457482
0.0431483
0.0421802
0.041261
0.0384581
0.0374095
0.0364249
0.0356984
0.0322935
0.0313645
0.0304853
0.0270751
0.0260394
0.0251376
0.0245774
0.0195067
0.0177669
0.0161801
0.0149704
0.0155133
0.0129646
0.0104664
0.00803795
0.0111003
0.00858052
0.00608725
0.0118431
0.00999351
0.00845444
0.00752893
0.0211144
0.0198917
0.0188531
0.0181328
0.0241417
0.0304396
0.0294951
0.0287569
0.0283406
0.0343755
0.0337697
0.0334572
0.03891
0.0384062
0.0380765
0.0380765
0.0432761
0.0428406
0.0425607
0.0425393
0.0524508
0.051858
0.0513909
0.055846
0.0602043
0.0594925
0.0589867
0.0627168
0.0620623
0.0615115
0.0611669
0.064265
0.0637769
0.0634785
0.0661787
0.0657249
0.0653721
0.0652218
0.0694411
0.0689194
0.0685929
0.0700556
0.0695921
0.0707975
0.0703915
0.06998
0.0708814
0.0705096
0.0701324
0.0698506
0.0702468
0.0699786
0.0697064
0.0696591
0.0694009
0.0691395
0.0689759
0.068153
0.0676825
0.0672097
0.0662874
0.0654932
0.0646767
0.0639561
0.0633347
0.0618998
0.0611273
0.0604576
0.058696
0.0578718
0.0571547
0.0565489
0.0529833
0.0518152
0.0507543
0.0499038
0.047297
0.0450808
0.0436406
0.0424031
0.0411996
0.0385007
0.0371852
0.0359178
0.0331409
0.0317268
0.030505
0.0293685
0.0261203
0.0248683
0.0237408
0.0201496
0.0180532
0.0161825
0.0144549
0.0126208
0.0131939
0.0105937
0.00799833
0.00541485
0.0084136
0.00632871
0.00478711
0.00429695
0.00974103
0.00974988
0.0104323
0.011584
0.0206468
0.0208268
0.0212281
0.0262395
0.0315927
0.0317808
0.0320805
0.0367094
0.0367094
0.0370867
0.0376412
0.0418035
0.0424126
0.0431813
0.044285
0.0506737
0.0514511
0.0524315
0.0557714
0.0567336
0.0599665
0.0611
0.0623043
0.0652836
0.0665783
0.067931
0.0694491
0.0721771
0.0736644
0.0752835
0.0779387
0.0796232
0.0813556
0.0832007
0.085979
0.0878005
0.0896608
0.0915322
0.0936234
0.095538
0.097448
0.0994619
0.101312
0.103306
0.10552
0.107054
0.10922
0.111405
0.113584
0.114981
0.117231
0.119569
0.121919
0.119482
0.121717
0.123983
0.124661
0.125086
0.127188
0.129309
0.12918
0.131161
0.133087
0.135023
0.134343
0.136147
0.137989
0.136679
0.13837
0.140088
0.141745
0.135698
0.137175
0.138586
0.140036
0.137132
0.13372
0.134813
0.135946
0.132066
0.133041
0.134059
0.135019
0.130403
0.131211
0.132066
0.132867
0.121373
0.121974
0.122527
0.116787
0.117194
0.110896
0.111151
0.11147
0.104642
0.104823
0.104968
0.104968
0.0975812
0.097604
0.097796
0.0980571
0.0900704
0.0903216
0.0906471
0.0752034
0.0752687
0.0755237
0.0758676
0.0679359
0.0604167
0.0607723
0.0612369
0.053602
0.0542088
0.0549328
0.0556732
0.0480614
0.0491125
0.0502771
0.0344381
0.0359769
0.0376337
0.0392529
0.0327829
0.0349011
0.0298608
0.0322517
0.034712
0.0316841
0.0342696
0.0368713
0.0357913
0.0383608
0.0409431
0.0415646
0.0440147
0.0465062
0.0489864
0.0507627
0.0528008
0.0550137
0.0572133
0.0599562
0.0631915
0.0650949
0.0670457
0.0702565
0.0721655
0.0740545
0.075986
0.0790761
0.080919
0.0828031
0.0847255
0.0876869
0.089532
0.0914143
0.0953833
0.0970575
0.0987721
0.100525
0.103221
0.105783
0.107412
0.109151
0.111426
0.113069
0.114747
0.116529
0.118497
0.120193
0.121991
0.123749
0.125302
0.126981
0.128689
0.130039
0.131738
0.13295
0.134639
0.136356
0.137195
0.138968
0.140698
0.142455
0.143063
0.144804
0.14657
0.146767
0.148583
0.150354
0.15215
0.149614
0.151315
0.153041
0.154792
0.153721
0.150656
0.1523
0.15397
0.15217
0.15381
0.155477
0.157169
0.154604
0.156261
0.157943
0.159721
0.151028
0.152603
0.154206
0.149642
0.151197
0.146502
0.148016
0.149635
0.144605
0.146111
0.147723
0.149289
0.143611
0.145144
0.146781
0.148373
0.134866
0.136425
0.13794
0.131282
0.132779
0.126137
0.127622
0.129142
0.122302
0.123822
0.125377
0.126967
0.119553
0.121151
0.122783
0.115408
0.117062
0.118749
0.12047
0.10323
0.104962
0.106729
0.0988579
0.0908639
0.0927296
0.0946303
0.0966245
0.0886555
0.0906772
0.0927831
0.0855562
0.0877019
0.089872
0.0921117
0.0855764
0.0878608
0.0902023
0.0925193
0.0791803
0.081636
0.0840288
0.0796854
0.0756119
0.0781945
0.0807706
0.0833487
0.0800563
0.0826577
0.0852612
0.0825231
0.0851177
0.0877237
0.0903298
0.0837987
0.08631
0.0888552
0.091404
0.0902424
0.0894596
0.0918786
0.0943077
0.096704
0.0963461
0.09872
0.101059
0.100926
0.103251
0.105588
0.107888
0.105654
0.107862
0.110028
0.11227
0.112312
0.110205
0.112306
0.114365
0.116445
0.116255
0.118225
0.120079
0.119729
0.121551
0.123401
0.125214
0.121139
0.1228
0.124284
0.122374
0.123877
0.121257
0.12256
0.123902
0.125287
0.122156
0.123348
0.124585
0.120944
0.122062
0.123087
0.118675
0.119578
0.120461
0.12139
0.109821
0.110489
0.111072
0.104829
0.105297
0.0988028
0.0991709
0.0995997
0.0926398
0.0929809
0.0932507
0.093595
0.0858246
0.0860245
0.0863088
0.0700701
0.0701398
0.0701605
0.0703486
0.0617522
0.0619951
0.0535269
0.0538515
0.0543004
0.0455233
0.0461667
0.0468916
0.0375983
0.0385472
0.0396808
0.0409129
0.0322302
0.0338097
0.0355121
0.0192782
0.0217024
0.0241669
0.021308
0.0238509
0.02409
0.0265275
0.0289963
0.0309517
0.0331655
0.0354344
0.0377483
0.0403408
0.0423631
0.0445369
0.0467561
0.0494482
0.0514195
0.0535378
0.0556985
0.0594573
0.061181
0.0630607
0.0660353
0.0692712
0.0709078
0.072502
0.0755869
0.0772045
0.0788757
0.0804974
0.0831419
0.0847918
0.0864894
0.0881321
0.0911784
0.0926941
0.0942687
0.0964517
0.0978493
0.0999642
0.101386
0.102855
0.104615
0.106011
0.107453
0.108939
0.110435
0.11185
0.113308
0.114635
0.115922
0.117349
0.118817
0.118885
0.120129
0.12132
0.12265
0.122785
0.122782
0.123819
0.124995
0.1247
0.125798
0.126846
0.128031
0.127224
0.128326
0.129473
0.125531
0.126424
0.127365
0.128352
0.126153
0.127056
0.124761
0.125587
0.126369
0.123757
0.124555
0.125402
0.126298
0.122224
0.122904
0.123724
0.120145
0.120896
0.121608
0.122461
0.113243
0.113853
0.114432
0.109859
0.105086
0.105564
0.106105
0.10662
0.101101
0.101642
0.102247
0.0963769
0.0969328
0.0975557
0.0982444
0.0847215
0.0851837
0.0857234
0.0863391
0.0794454
0.0721925
0.072651
0.0732004
0.0738385
0.065819
0.0664203
0.0671184
0.0592708
0.0598632
0.0606479
0.0615341
0.0535919
0.0543995
0.0554071
0.056518
0.0400918
0.041048
0.0420498
0.0350438
0.0280797
0.0291547
0.0303199
0.0317469
0.0248876
0.0264528
0.0280746
0.021131
0.0230295
0.0250579
0.0178635
0.0199959
0.0223102
0.024685
0.0100474
0.012578
0.0151882
0.0177321
0.012591
0.0091485
0.011274
0.0135724
0.0110075
0.012794
0.014816
0.0170022
0.0142134
0.015989
0.0179622
0.014338
0.0146857
0.0154745
0.0166696
0.0156146
0.016262
0.015816
0.0159803
0.0166109
0.015901
0.01601
0.0165379
0.015538
0.0155624
0.0160202
0.0168762
0.0149498
0.0139797
0.013456
0.0134312
0.0124074
0.0118388
0.0117743
0.0104532
0.00967488
0.0097631
0.0097631
0.00820485
0.00722878
0.00754742
0.00558506
0.00406393
0.00538981
0.00283597
0.000423487
0.00239415
0.00985039
0.00838439
0.00754227
0.0121404
0.0171368
0.0164052
0.0161554
0.0163071
0.0211682
0.0213919
0.0220638
0.0269068
0.0274562
0.0281726
0.0293124
0.0339951
0.0349607
0.0361577
0.0457338
0.0465071
0.0474102
0.0484357
0.0538462
0.0596033
0.0604781
0.0615033
0.0671158
0.0680844
0.0691889
0.0704548
0.0758061
0.0770692
0.0784797
0.0837563
0.0850859
0.0850859
0.0865551
0.0950914
0.0963368
0.0976355
0.102289
0.103541
0.107932
0.109143
0.110401
0.114627
0.115841
0.117099
0.118402
0.1224
0.123653
0.124947
0.126282
0.131956
0.133127
0.134338
0.135589
0.138594
0.141336
0.142472
0.143647
0.146048
0.147186
0.14836
0.149571
0.151573
0.152741
0.153944
0.155591
0.156749
0.157941
0.159296
0.160295
0.16133
0.162399
0.163036
0.163547
0.164444
0.165376
0.166344
0.166513
0.16741
0.168342
0.168121
0.168987
0.169889
0.170826
0.167918
0.168653
0.169424
0.170231
0.168595
0.16701
0.167656
0.16834
0.169061
0.167174
0.16783
0.168523
0.166343
0.166977
0.167648
0.168357
0.165567
0.166219
0.166909
0.159454
0.159952
0.160491
0.156848
0.157332
0.15329
0.153715
0.154183
0.149705
0.150123
0.150584
0.151089
0.145955
0.146417
0.146924
0.147475
0.141557
0.142072
0.142632
0.129669
0.130077
0.130535
0.131043
0.123893
0.116681
0.117089
0.117552
0.110192
0.110638
0.111143
0.111143
0.103499
0.103986
0.104536
0.0972013
0.0977399
0.0983444
0.0836227
0.084047
0.0845492
0.0851279
0.0786133
0.072527
0.0729824
0.0735271
0.0741589
0.0678628
0.0684613
0.0691524
0.0699334
0.0637548
0.0645025
0.0653451
0.059284
0.0600773
0.0609713
0.0492194
0.0496814
0.0502738
0.050992
0.0461776
0.0425909
0.0428242
0.0432129
0.040406
0.0405866
0.0409319
0.0414378
0.0388689
0.0391621
0.039624
0.0375428
0.0377607
0.038155
0.0387202
0.036467
0.0361875
0.0360936
0.0361867
0.0363173
0.0377012
0.0371862
0.0368479
0.0383561
0.0378684
0.0375548
0.0392216
0.0387644
0.0384777
0.0383656
0.0397564
0.0395153
0.0394445
0.0438165
0.0431526
0.0426372
0.0422757
0.0446121
0.0476491
0.0468463
0.0461762
0.0456445
0.0485366
0.0478319
0.0472598
0.0468254
0.0492256
0.0486278
0.0481631
0.0539235
0.0529353
0.0520583
0.0512982
0.0535601
0.0560806
0.0549536
0.0539285
0.0562183
0.0550561
0.053994
0.0530383
0.054607
0.0535215
0.0525423
0.0516755
0.0525557
0.0515643
0.050687
0.0528794
0.0515589
0.0503381
0.0503381
0.0506733
0.0512187
0.0495646
0.0479116
0.0480571
0.0463229
0.0445226
0.0428068
0.0425027
0.0405211
0.0386282
0.0367133
0.0363022
0.0341058
0.0320478
0.0360122
0.0334215
0.0308366
0.028298
0.0312
0.0354485
0.0329882
0.030551
0.0361086
0.0339028
0.0318829
0.0299516
0.0365898
0.0350952
0.0336407
0.0400921
0.039041
0.0382803
0.0376132
0.0498989
0.0494457
0.0491981
0.0490192
0.0585118
0.0584947
0.0587354
0.0590911
0.0632306
0.0638284
0.0638284
0.0675971
0.0682913
0.0690778
0.0699972
0.0734856
0.074431
0.0754555
0.0803343
0.0813511
0.0824386
0.0835939
0.0861591
0.0886755
0.0898868
0.0911571
0.0935128
0.0948587
0.0962286
0.0976494
0.0999387
0.101414
0.102913
0.104357
0.10718
0.108689
0.110219
0.111789
0.113724
0.115491
0.117044
0.118616
0.120224
0.121676
0.123295
0.124931
0.126098
0.127726
0.129397
0.131087
0.130827
0.132424
0.134053
0.134283
0.135889
0.135634
0.137206
0.138825
0.138078
0.139643
0.141238
0.142877
0.141471
0.143051
0.144661
0.1463
0.144195
0.145783
0.1474
0.140837
0.142317
0.143808
0.14533
0.141822
0.138076
0.139457
0.140872
0.136648
0.138011
0.139434
0.140867
0.136068
0.137449
0.138889
0.134164
0.135532
0.136938
0.138303
0.126508
0.127786
0.129105
0.123536
0.117883
0.119091
0.120344
0.121641
0.115545
0.116808
0.118116
0.112031
0.113344
0.114671
0.116043
0.101877
0.103133
0.104468
0.0980142
0.0993315
0.092703
0.0940748
0.0954713
0.0954713
0.0883095
0.0897508
0.0912637
0.0928048
0.0855437
0.08715
0.088816
0.081308
0.0830408
0.0848189
0.0677848
0.0696669
0.0715929
0.0735616
0.0665576
0.0596018
0.0617524
0.0639378
0.0661546
0.0600911
0.0624068
0.0647454
0.0592941
0.0617179
0.0641184
0.0665696
0.0542953
0.0568467
0.0593518
0.0547076
0.0572194
0.0522409
0.0547896
0.0574035
0.052631
0.0552472
0.0578636
0.0604096
0.0555281
0.0581335
0.0607399
0.0632726
0.0502114
0.0527516
0.055299
0.0497899
0.0522879
0.0466438
0.0490754
0.0515252
0.045948
0.0483308
0.0507367
0.0531626
0.047405
0.0497707
0.0521603
0.0545709
0.0402125
0.0424347
0.0446998
0.0386336
0.0408311
0.034284
0.0364051
0.0385872
0.0321715
0.0341989
0.036389
0.0386322
0.0319378
0.0340564
0.0363257
0.0386392
0.0315487
0.0337688
0.0361254
0.0208179
0.023171
0.0255754
0.0279285
0.0218431
0.0165514
0.0191221
0.0215637
0.0170138
0.0196308
0.0222479
0.0247957
0.0206984
0.0232895
0.0258859
0.0175706
0.0197643
0.022063
0.0244259
0.0221901
0.024283
0.0231311
0.0249138
0.0249138
0.0246946
0.0261424
0.0278485
0.0296891
0.0294819
0.0311201
0.0328888
0.0331832
0.0347145
0.0364848
0.0371964
0.0383041
0.0394981
0.0410004
0.0422666
0.0438483
0.0449726
0.046199
0.0476682
0.0488834
0.0502232
0.0517132
0.0527902
0.0542426
0.0558555
0.0575949
0.0583789
0.0600378
0.0618991
0.0637816
0.0631282
0.0647639
0.0665969
0.0669745
0.0672798
0.0689807
0.0708058
0.0726787
0.0727293
0.0746038
0.0765848
0.0764139
0.0784009
0.0804231
0.0804231
0.0782377
0.0800581
0.0819925
0.0817303
0.0836061
0.0829039
0.084725
0.0865864
0.0853433
0.0871572
0.0890106
0.0908333
0.0889446
0.0907861
0.0926644
0.0945045
0.0920842
0.0939491
0.0958487
0.0890967
0.0908293
0.0926029
0.0943389
0.0911765
0.0878512
0.0895365
0.0911861
0.087393
0.0890905
0.0906907
0.0924717
0.0880568
0.0898097
0.0915262
0.0804953
0.0821587
0.0837906
0.0855486
0.0798909
0.081639
0.0755572
0.0773136
0.079117
0.0726738
0.0745034
0.0763782
0.0695461
0.071318
0.073274
0.0752696
0.0685177
0.0704994
0.0725855
0.0568973
0.0590202
0.0612381
0.0634856
0.0573712
0.0514742
0.0538967
0.0563358
0.0587492
0.053092
0.0556244
0.058068
0.0605838
0.0556322
0.0582227
0.0607965
0.049839
0.0524274
0.0550176
0.0576125
0.0545246
0.0520289
0.0545107
0.0569789
0.059459
0.057011
0.0594237
0.0618202
0.0597412
0.0619743
0.0642803
0.0666086
0.0646728
0.0669362
0.06918
0.0714486
0.0661237
0.0680936
0.0701052
0.0689608
0.0679958
0.0697204
0.0714984
0.0704263
0.0720976
0.0738232
0.0755993
0.0725005
0.0741333
0.0758141
0.0741791
0.0758405
0.0774818
0.079175
0.0738366
0.0753288
0.0768031
0.0745062
0.0759696
0.0734304
0.0747295
0.0760958
0.073143
0.0744224
0.0757701
0.0771997
0.0733042
0.0746217
0.0760058
0.0718976
0.0731951
0.0745612
0.0648341
0.0658442
0.0669408
0.0681195
0.0635986
0.0589139
0.0598046
0.0608825
0.0619643
0.0564393
0.0574287
0.0585538
0.0528689
0.0538737
0.0550699
0.0562771
0.043283
0.0441063
0.0451543
0.0462387
0.0401019
0.0339989
0.0349048
0.0359773
0.037202
0.0303394
0.0316465
0.0331078
0.0263039
0.0278483
0.0296
0.0314706
0.0246912
0.02677
0.0289345
0.0132823
0.0158343
0.0184019
0.0209795
0.0163822
0.0148677
0.016876
0.0189711
0.019735
0.0213369
0.0231226
0.0249114
0.0261537
0.0276628
0.029247
0.0310764
0.032372
0.0338194
0.0353178
0.0384777
0.0392679
0.0401172
0.0412067
0.0433886
0.0458519
0.0463485
0.0470815
0.049221
0.0497241
0.0504312
0.0512788
0.0528913
0.0535126
0.054348
0.0562638
0.0565606
0.0570737
0.0577001
0.0584744
0.0588962
0.0594547
0.0594547
0.0598797
0.0601464
0.0604727
0.060909
0.0610528
0.0612807
0.061706
0.0622446
0.0618259
0.0622694
0.0628181
0.0634692
0.0606002
0.0608143
0.061139
0.0592295
0.0574751
0.0573928
0.0574289
0.0574831
0.0550515
0.0550302
0.0550324
0.0523314
0.0522588
0.0523162
0.0524032
0.0459166
0.0454507
0.0450323
0.0448608
0.0411406
0.0378741
0.0369835
0.0363541
0.0359034
0.0318197
0.0310488
0.0304822
0.0264333
0.0253999
0.0247246
0.0242707
0.0195748
0.0186492
0.0180558
0.0161914
0.0136972
0.0112864
0.00898623
0.0124837
0.0192089
0.0168975
0.0146857
0.0223673
0.0204734
0.0187517
0.0173428
0.0249622
0.0236631
0.0225374
0.0300801
0.0289946
0.0281098
0.0275443
0.0414224
0.0403779
0.0394782
0.0388319
0.044752
0.0500506
0.0492339
0.0484453
0.0530619
0.0522681
0.0516928
0.0511549
0.0550914
0.054617
0.0541636
0.057286
0.0568269
0.0565845
0.0563611
0.0612782
0.0609283
0.0605882
0.0624754
0.0645108
0.0641127
0.0637184
0.063429
0.0651382
0.0647851
0.0645356
0.0657044
0.0654852
0.065269
0.0651565
0.0659232
0.0659232
0.0657236
0.0672952
0.0667096
0.0663212
0.0659332
0.0660071
0.0660971
0.0654946
0.0648917
0.0645643
0.0639414
0.0633203
0.0628118
0.0618637
0.0613088
0.0607608
0.0594114
0.0588136
0.0582267
0.0577517
0.0548998
0.0539911
0.0530975
0.0511505
0.0501609
0.0482687
0.0469956
0.0458357
0.0438583
0.0425376
0.0412885
0.0402644
0.0377905
0.0364216
0.0351929
0.0330111
0.0315149
0.0301704
0.0290925
0.0268883
0.0248109
0.0228426
0.0210933
0.0228826
0.0203435
0.0178594
0.0199509
0.017444
0.0148374
0.0122356
0.0159518
0.0135451
0.0111854
0.00901571
0.0146275
0.0130027
0.0116496
0.0238654
0.0225664
0.0214161
0.0206276
0.0249925
0.0288651
0.0280026
0.0274583
0.0306669
0.0301141
0.0298785
0.0298696
0.03248
0.0324016
0.0326317
0.0330665
0.0350058
0.0354016
0.0359826
0.0390252
0.0390364
0.0393204
0.0397737
0.040815
0.0419988
0.0421157
0.0423866
0.0431349
0.0432733
0.0435676
0.0439155
0.0441278
0.0443736
0.0447701
0.0452148
0.0448292
0.0446912
0.0446053
0.0447711
0.0442878
0.0440756
0.0436204
0.0434162
0.0433727
0.0428453
0.0423416
0.0420923
0.0411327
0.0406599
0.0402518
0.0389655
0.0384374
0.0379826
0.0364259
0.0352351
0.034202
0.0332483
0.0319281
0.031409
0.029728
0.0282679
0.0269813
0.0262189
0.024473
0.02297
0.0225811
0.0205986
0.0188398
0.0172967
0.0170791
0.0149329
0.013022
0.0210037
0.0184123
0.0158098
0.0132093
0.0187177
0.0251976
0.0229311
0.0208225
0.0276302
0.0256553
0.0238027
0.0221029
0.029206
0.0276651
0.026293
0.0252116
0.0323159
0.0311841
0.0302353
0.0443248
0.0431105
0.0420232
0.0411694
0.0469286
0.0520508
0.0510137
0.0501496
0.0545662
0.0536134
0.0528697
0.0521468
0.0560372
0.0552999
0.0547761
0.0580558
0.05742
0.0569962
0.056589
0.0626991
0.0620188
0.061541
0.0638838
0.0661942
0.0655821
0.0649466
0.0644105
0.0664502
0.0659713
0.0654925
0.0670814
0.0666502
0.0662186
0.0658874
0.0668493
0.0665415
0.0662343
0.0680745
0.0674895
0.0669013
0.0664104
0.0665701
0.0669351
0.0661429
0.065445
0.0654591
0.0646555
0.0639481
0.0633403
0.0626192
0.0618886
0.0612604
0.0600352
0.0600352
0.059262
0.0586935
0.0567125
0.0557355
0.0548644
0.0534616
0.0526195
0.0513261
0.0503273
0.049577
0.0480092
0.0471298
0.0463831
0.0445752
0.0437144
0.0431325
0.0426611
0.0404786
0.0399651
0.0397086
0.036588
0.0357446
0.0350131
0.0345206
0.0327955
0.0319903
0.0309765
0.0302252
0.0296163
0.0286775
0.0279404
0.0274214
0.0268701
0.0261314
0.0256377
0.0254035
0.0248871
0.0243923
0.0242438
0.0273647
0.0260852
0.0250519
0.0243417
0.0265415
0.0319837
0.0304061
0.0289793
0.032977
0.0313859
0.0299394
0.0286593
0.0322069
0.0307639
0.029483
0.0283863
0.0369599
0.0352746
0.0337185
0.0372421
0.0355965
0.0391129
0.0373831
0.0357612
0.0342628
0.0368047
0.0352306
0.0337861
0.0358987
0.034385
0.0329809
0.0317552
0.0373493
0.0356189
0.0339847
0.036215
0.0344501
0.0368573
0.0349387
0.0331119
0.0353286
0.0333455
0.0314553
0.0296662
0.0317258
0.0297395
0.0278577
0.0260917
0.0281637
0.0261405
0.0242314
0.0320234
0.0295925
0.0271962
0.0248446
0.028413
0.0321606
0.0295881
0.0270242
0.0309059
0.0283638
0.0257634
0.0231668
0.0272232
0.0246737
0.0220574
0.0194413
0.0297947
0.0272717
0.0246761
0.0289509
0.0263766
0.030574
0.0281019
0.0256133
0.0295944
0.0270651
0.0246415
0.0285647
0.0260611
0.0235822
0.0212278
0.024719
0.0222689
0.0198615
0.0295893
0.0271543
0.0246544
0.0221816
0.0259082
0.0296596
0.0270928
0.0245368
0.0219952
0.0258616
0.0232779
0.0207026
0.0181394
0.0219845
0.0194537
0.0168517
0.0289518
0.0263536
0.0238177
0.021228
0.0266169
0.03466
0.03215
0.0296585
0.0272827
0.0327854
0.0305511
0.0282467
0.033178
0.0311776
0.029251
0.0274434
0.0382301
0.0365563
0.0349929
0.0336614
0.0376197
0.0414782
0.0403772
0.0394227
0.0434132
0.0427584
0.0421785
0.0419187
0.045715
0.0455519
0.0456283
0.0458938
0.0495299
0.0499051
0.0505007
0.0569907
0.0574266
0.0579734
0.0586772
0.0618298
0.0650681
0.0656598
0.0665678
0.0674785
0.0704034
0.0713939
0.0725088
0.0752097
0.0764405
0.0776529
0.0790489
0.0802121
0.0814417
0.0826487
0.0856409
0.0864954
0.0874193
0.0883219
0.0896987
0.0907931
0.0913072
0.0919857
0.0925102
0.0928817
0.0933636
0.0938753
0.0936051
0.0939142
0.0941611
0.0933758
0.093416
0.0935265
0.0936167
0.090741
0.0904424
0.0899964
0.0881598
0.0862053
0.0853263
0.0845379
0.0820668
0.0810216
0.0800476
0.0790503
0.0759151
0.0747585
0.0735762
0.0701298
0.0687775
0.0673968
0.0659736
0.0606435
0.0587145
0.0568405
0.0549263
0.054135
0.0526967
0.0503428
0.0479789
0.0456426
0.0449961
0.0425424
0.0400592
0.0405338
0.0379423
0.0353546
0.0328273
0.040211
0.037661
0.0351209
0.0326789
0.0365245
0.0411098
0.0388901
0.0368208
0.041818
0.0398552
0.0379715
0.0361792
0.0412403
0.0396595
0.0381928
0.0429604
0.0417799
0.0406305
0.0395827
0.0484256
0.0475578
0.0467233
0.0460226
0.0494362
0.0524388
0.051865
0.0514181
0.0541465
0.0538109
0.0536775
0.0535918
0.0562041
0.0561976
0.0563808
0.0566137
0.0609226
0.0610434
0.0613404
0.0635804
0.0638287
0.0658267
0.0660895
0.0665153
0.0681892
0.0685587
0.0690256
0.0696425
0.0709153
0.0714587
0.0720932
0.0731133
0.0737151
0.0744042
0.0752336
0.0756175
0.0761473
0.0767032
0.0769114
0.0770272
0.0774424
0.07788
0.0784025
0.0779402
0.078469
0.0790214
0.0781939
0.0787051
0.0792993
0.080026
0.078604
0.0792354
0.0798607
0.0806971
0.0756269
0.0761305
0.0767201
0.0740131
0.0710376
0.0713948
0.0718456
0.0685704
0.0690207
0.0695044
0.0657018
0.0661295
0.0667129
0.0673352
0.0680525
0.0633448
0.0633448
0.0640717
0.0541357
0.0545319
0.0550499
0.055738
0.0504284
0.0451672
0.045644
0.0462643
0.0405778
0.0411922
0.0419611
0.0355016
0.0363231
0.0372607
0.0383544
0.0316507
0.0328476
0.0341683
0.0356325
0.0204096
0.0218118
0.0234341
0.0169139
0.0107099
0.0126719
0.0148167
0.0171012
0.0118775
0.0144187
0.016929
0.0195053
0.0158262
0.01844
0.0210546
0.0135504
0.0156788
0.0179485
0.020302
0.0182759
0.017428
0.018982
0.0207508
0.0225849
0.0211025
0.022712
0.0244961
0.0230069
0.024401
0.0260711
0.0278871
0.0257394
0.0271975
0.0289077
0.0241456
0.0247728
0.0255596
0.0266648
0.0248308
0.0241722
0.0242217
0.0244681
0.0236327
0.0235816
0.0238197
0.024251
0.0224661
0.0226022
0.0230368
0.0208566
0.020848
0.0211655
0.021795
0.0183869
0.0172578
0.0165054
0.0165446
0.0192543
0.0170567
0.0149644
0.0130628
0.0165457
0.0141599
0.0118175
0.00961797
0.0146173
0.0120794
0.00949183
0.00692665
0.0224579
0.0200061
0.0176273
0.015211
0.0219622
0.0281368
0.0259695
0.0237799
0.0299199
0.0278016
0.0258746
0.0258746
0.0322447
0.0302542
0.0283657
0.0266009
0.0392984
0.0373468
0.0354809
0.0400763
0.0383121
0.0425296
0.0406603
0.0388774
0.0433289
0.041511
0.0397822
0.0381549
0.0422928
0.0406983
0.0391057
0.0470315
0.0451829
0.0435134
0.0418329
0.0441961
0.0424777
0.0444874
0.0427365
0.0410777
0.0426142
0.0409133
0.0394124
0.0379251
0.0390373
0.0374835
0.0361508
0.03688
0.0353678
0.03399
0.0370631
0.0352099
0.033459
0.0318272
0.0322226
0.0330487
0.0310142
0.0290542
0.0272051
0.0278599
0.0257926
0.0238338
0.0220121
0.0224815
0.0203697
0.0183884
0.0245741
0.022072
0.0195003
0.0169425
0.0204438
0.0246303
0.022126
0.0195852
0.0170676
0.021851
0.0195379
0.0172715
0.0219901
0.0199463
0.0180464
0.0163402
0.0210896
0.0196012
0.0183669
0.0288948
0.0274625
0.0262139
0.0251763
0.0292427
0.0335146
0.0323337
0.0313274
0.0304621
0.0339631
0.0331146
0.0324555
0.0355521
0.0347789
0.0342386
0.0338924
0.0364286
0.0358978
0.0356096
0.0409576
0.0400606
0.0392648
0.0417037
0.0407899
0.0431374
0.0420725
0.0411007
0.0442159
0.0429961
0.0419045
0.0438468
0.0425494
0.0414064
0.0404008
0.0416125
0.0403918
0.0393403
0.0432857
0.0416134
0.0400425
0.0385607
0.0396775
0.0412722
0.0393231
0.0374515
0.0356731
0.0371768
0.0351684
0.0332436
0.0314146
0.0327374
0.0306609
0.0286753
0.0357802
0.0333004
0.0308433
0.0284149
0.0317891
0.0358526
0.0332452
0.0306395
0.0353184
0.0327022
0.0300861
0.0274702
0.0321901
0.0296011
0.0270175
0.0244412
0.0294599
0.0270341
0.0245448
0.022085
0.0361621
0.0338732
0.0315296
0.0377101
0.0439174
0.0417078
0.0394696
0.0372473
0.0429278
0.040724
0.0386703
0.043964
0.0418206
0.039734
0.0378131
0.0492328
0.0470829
0.0449824
0.0430381
0.0472112
0.0518038
0.0496571
0.0475576
0.0518755
0.0497409
0.0476544
0.0456226
0.0494138
0.0473383
0.0453188
0.0486772
0.0467062
0.044694
0.0427475
0.0496113
0.0474641
0.045465
0.0474504
0.0453081
0.0469507
0.044862
0.0427249
0.0441834
0.04199
0.0399462
0.0378646
0.039099
0.0369363
0.0349349
0.0359144
0.0337217
0.0315936
0.0365863
0.0342371
0.0318265
0.0318265
0.0335169
0.0354707
0.0329737
0.0304036
0.0278423
0.0299589
0.0274259
0.0248205
0.0266997
0.0240835
0.0214675
0.018918
0.0254765
0.0229545
0.0204564
0.0180307
0.020387
0.0230207
0.0208166
0.0187272
0.0167669
0.0200735
0.01836
0.0168799
0.0201503
0.0188825
0.0179098
0.0172823
0.0201977
0.0196688
0.0194801
0.0254648
0.0246788
0.0242006
0.0239998
0.0262442
0.0289223
0.0282793
0.0279215
0.0302971
0.0297962
0.0294517
0.0293998
0.0310832
0.0308159
0.0306954
0.0320637
0.0317592
0.0316688
0.0317943
0.0340476
0.0332779
0.0327002
0.0339933
0.0330865
0.0345358
0.0334131
0.0324631
0.0337431
0.0325139
0.0314548
0.0305836
0.0311868
0.0299873
0.0289752
0.0294128
0.0280897
0.026917
0.0307161
0.0286778
0.0267406
0.0249196
0.0264454
0.0288507
0.0264775
0.0241802
0.0219184
0.0246223
0.0221603
0.0197383
0.0229198
0.0203544
0.0178041
0.0215335
0.0189841
0.0163688
0.0137542
0.0253012
0.0228568
0.0203504
0.0252656
0.0228616
0.0284196
0.0262112
0.0239733
0.0218199
0.0276589
0.0256954
0.0237432
0.02193
0.0299171
0.0280111
0.026328
0.0410924
0.0391211
0.0372296
0.0354305
0.0414895
0.0475991
0.0457015
0.0438781
0.0494315
0.047591
0.0458222
0.0441375
0.0491345
0.0474082
0.0457665
0.0504779
0.0487829
0.0472716
0.0457536
0.0553537
0.0535742
0.0519656
0.0556133
0.0538568
0.0569443
0.0552503
0.0535242
0.0560067
0.0542451
0.0526546
0.0510425
0.0528866
0.0512386
0.0496739
0.0539145
0.0521359
0.0504304
0.0488058
0.0498548
0.0481771
0.0489038
0.0471683
0.0456167
0.0460329
0.0443111
0.0426806
0.041152
0.04121
0.0395863
0.0380734
0.0376718
0.0361501
0.0346508
0.0332899
0.0332995
0.0315456
0.0298066
0.0282036
0.0284393
0.0263405
0.0244421
0.0225718
0.0218284
0.0197705
0.017961
0.0172892
0.0151392
0.0131596
0.0115383
0.0105792
0.00846029
0.00670329
0.011715
0.00922227
0.00673345
0.00439641
0.00902211
0.0138888
0.0123279
0.0111694
0.0105468
0.0148731
0.0143914
0.0143776
0.0183598
0.018316
0.0185588
0.0192318
0.0267607
0.0265511
0.0265216
0.0268191
0.0306508
0.0351727
0.0348645
0.0348149
0.0390111
0.038825
0.038825
0.0387404
0.0428118
0.0427363
0.0428871
0.0467558
0.0467624
0.0470565
0.0475563
0.0538677
0.053892
0.0541792
0.057758
0.0579266
0.0614965
0.0616914
0.0620716
0.0655174
0.0658475
0.0663579
0.0697982
0.0701918
0.0708965
0.0716136
0.074507
0.0752745
0.0761859
0.0805255
0.0811488
0.0819343
0.0827938
0.0850108
0.0873714
0.08805
0.0889352
0.0898355
0.0920888
0.0931149
0.0940649
0.0952112
0.0972593
0.0983978
0.0996761
0.101881
0.102854
0.102854
0.103973
0.105304
0.106766
0.10764
0.10857
0.109554
0.110832
0.11172
0.112662
0.113661
0.114514
0.115419
0.116375
0.11615
0.116819
0.117543
0.118319
0.117909
0.11748
0.118022
0.118618
0.119268
0.118393
0.118946
0.119553
0.118217
0.118734
0.119306
0.119931
0.117786
0.118326
0.11892
0.112496
0.112806
0.113175
0.113601
0.110038
0.106162
0.106359
0.106619
0.106941
0.10257
0.102828
0.103151
0.0985939
0.098871
0.0992155
0.0996267
0.0897666
0.0899734
0.0902546
0.0854674
0.0857265
0.0806732
0.0809041
0.0812177
0.0816129
0.0763558
0.0767339
0.0771977
0.0716341
0.0720789
0.0726142
0.0665175
0.0670229
0.0676245
0.0683199
0.0553352
0.0557446
0.0562713
0.0499763
0.0504339
0.0447138
0.0450975
0.0456263
0.0462953
0.0404081
0.0410193
0.0417836
0.0355281
0.0362071
0.0370565
0.0380649
0.0254057
0.0257157
0.0262805
0.0270842
0.0213397
0.0175148
0.0173383
0.0175495
0.0143198
0.014004
0.0141664
0.0147914
0.0112463
0.0112727
0.0118823
0.00921501
0.00912723
0.00912723
0.00975788
0.0122855
0.0101205
0.00821189
0.0122903
0.0172071
0.0147347
0.0123151
0.00998648
0.0149543
0.0125339
0.0102021
0.0148034
0.0124339
0.0101776
0.00812931
0.0121005
0.00999542
0.00818012
0.0177816
0.0155721
0.0135024
0.0116474
0.015049
0.018763
0.0167844
0.0149967
0.0184544
0.0166984
0.0151865
0.013998
0.0170152
0.0157773
0.0148947
0.017807
0.016782
0.0161153
0.0158522
0.0218748
0.0205932
0.0195749
0.0188625
0.0214286
0.0243655
0.0230317
0.0219262
0.0243987
0.0231491
0.0221356
0.0213917
0.0231847
0.0222207
0.0215293
0.0211373
0.0250238
0.0236223
0.0224356
0.0242455
0.0228043
0.0245651
0.0229181
0.0214605
0.0229787
0.0212969
0.0198146
0.0185795
0.019595
0.0180443
0.0167556
0.0213036
0.0191173
0.0170475
0.0151422
0.0166623
0.0144891
0.0162442
0.0138731
0.0116004
0.0134333
0.0109628
0.00856934
0.0108271
0.00825393
0.00570513
0.00323877
0.00583015
0.00329281
0.00110205
0.00225975
0.0082781
0.00650173
0.00543488
0.00822153
0.0112284
0.00983621
0.008997
0.0088691
0.0104852
0.0102415
0.010647
0.011818
0.0114319
0.0115307
0.0121969
0.0121381
0.0124048
0.0131919
0.0137584
0.0125164
0.0117914
0.0114265
0.0111
0.0125268
0.0106436
0.00910337
0.0105734
0.00837528
0.00651993
0.00512677
0.00627191
0.00379042
0.001593
0.00193334
0.0112128
0.00928873
0.00797304
0.0133352
0.0123021
0.0180273
0.0171976
0.0168051
0.0168862
0.0217154
0.0218197
0.0222817
0.0268131
0.0273046
0.0279887
0.0323036
0.0330076
0.0340272
0.0351154
0.0419538
0.0426833
0.0436887
0.0436887
0.0475383
0.0512634
0.0520396
0.052934
0.0563338
0.0572256
0.0581746
0.0612061
0.0621079
0.0631446
0.06423
0.066596
0.0676516
0.0688245
0.0715474
0.0724925
0.0735187
0.0746226
0.0760442
0.0773193
0.078293
0.079341
0.0804954
0.0813014
0.0823707
0.0835084
0.0839739
0.0850641
0.0862199
0.0874388
0.0873901
0.0885602
0.0897913
0.0875913
0.0885095
0.0896206
0.0907553
0.0896327
0.0881295
0.0891303
0.0901534
0.0912402
0.0891519
0.0902164
0.0913034
0.0886985
0.0897227
0.0908109
0.0919946
0.0844266
0.0853171
0.0862779
0.087345
0.0836085
0.0794243
0.080264
0.0812222
0.0766555
0.0775137
0.0784498
0.0794611
0.0743819
0.0753498
0.0763951
0.0706564
0.0717063
0.0727944
0.0739591
0.0603852
0.0613906
0.062447
0.0555128
0.056563
0.0498128
0.0509143
0.0520852
0.0451873
0.0464006
0.0477522
0.0491776
0.0418675
0.0433707
0.0449892
0.0466819
0.03104
0.0327854
0.0346408
0.0278287
0.0297524
0.023453
0.0256806
0.0279483
0.0219995
0.0244739
0.0269753
0.0294491
0.0238513
0.0264609
0.0290719
0.0186923
0.0186923
0.0210008
0.0233744
0.021677
0.0236296
0.0238221
0.0252854
0.0269242
0.028028
0.0291302
0.0305053
0.0320355
0.0329418
0.0339815
0.0352734
0.0364174
0.0373703
0.038478
0.0396301
0.0419454
0.0422758
0.042764
0.0449103
0.047906
0.0477549
0.047747
0.0478047
0.0502874
0.0501882
0.0502252
0.0522235
0.0519827
0.0519394
0.0520279
0.0532785
0.0530891
0.0530961
0.0561521
0.0555214
0.0549486
0.0545523
0.0558785
0.0575398
0.0567527
0.0559331
0.055274
0.0560723
0.0552303
0.0544487
0.0548857
0.0539627
0.0531527
0.0524071
0.0538411
0.0525336
0.0513263
0.0517124
0.0502891
0.0508117
0.049204
0.0476858
0.0462401
0.0463143
0.0446687
0.0431193
0.0432777
0.0414877
0.0397894
0.0381951
0.0420238
0.0397754
0.0375747
0.0354307
0.0376762
0.0417094
0.0391689
0.0366393
0.0415862
0.0390427
0.0364393
0.0338381
0.0397428
0.037201
0.0345875
0.0414942
0.0389248
0.0363622
0.0338915
0.0499299
0.0474901
0.0450703
0.0518193
0.0494653
0.05583
0.0535319
0.0513605
0.057651
0.0554311
0.0532473
0.0592303
0.0571866
0.0571866
0.0550862
0.0602858
0.0582226
0.056305
0.0680695
0.0660197
0.0640114
0.0621481
0.0663637
0.0701521
0.0681858
0.0662646
0.0644924
0.0679517
0.0660948
0.0642908
0.0673164
0.0655274
0.0637957
0.062126
0.064818
0.0631585
0.0615655
0.0600443
0.0662099
0.0646511
0.0630574
0.0615339
0.0672036
0.0656186
0.0639964
0.0657829
0.0641441
0.062671
0.06117
0.0625508
0.0610231
0.0595713
0.0607152
0.0592227
0.0578103
0.0564839
0.05923
0.0576446
0.0561364
0.056539
0.0550616
0.0552672
0.0536223
0.0520435
0.0521309
0.0504872
0.0489282
0.0486136
0.0469605
0.0454973
0.0440348
0.0430167
0.0414524
0.0400964
0.0393222
0.0374582
0.035689
0.0341287
0.03258
0.0311503
0.0292247
0.0274138
0.0258416
0.0239835
0.0222356
0.0206721
0.018641
0.0170115
0.0156523
0.0146389
0.0113841
0.0093417
0.00765751
0.00661118
0.0036695
0.00500603
0.00284713
0.00220271
0.00391124
0.00683514
0.00778165
0.00938557
0.0121778
0.0133103
0.0148996
0.0167491
0.0188279
0.0204207
0.0221086
0.0257592
0.026774
0.0279975
0.0293048
0.031791
0.0341482
0.0348655
0.0357604
0.038748
0.0395422
0.0404442
0.0414921
0.0439935
0.0448091
0.0458471
0.0482105
0.0491058
0.0500276
0.051156
0.0543596
0.0550206
0.055706
0.0575287
0.0581761
0.0598797
0.0603166
0.0609453
0.062303
0.0628019
0.063405
0.0640201
0.064846
0.0654068
0.0660665
0.0666747
0.0672018
0.0678259
0.0685444
0.0686412
0.0688795
0.069216
0.0692171
0.069286
0.0691668
0.0692165
0.069365
0.0690103
0.0689307
0.0690216
0.0686122
0.0685568
0.0685262
0.0686679
0.0676799
0.0676711
0.0677635
0.065006
0.064556
0.0642097
0.0639687
0.0619305
0.0602967
0.059667
0.0590576
0.058499
0.0564448
0.0557509
0.0551727
0.0527456
0.051922
0.0512673
0.0507393
0.0455307
0.0442858
0.0431955
0.040671
0.0393223
0.0376005
0.0359309
0.0343796
0.0334743
0.0315811
0.0297885
0.0281289
0.0279057
0.0258372
0.0238767
0.0255252
0.02315
0.020833
0.0186137
0.0300453
0.0274314
0.0248182
0.032003
0.0294601
0.0367449
0.0342956
0.0318731
0.0393473
0.0370213
0.0347367
0.0325023
0.040147
0.0379961
0.0359073
0.0448321
0.0427439
0.0408163
0.0557112
0.0536533
0.051646
0.0496956
0.0555772
0.0609798
0.0590187
0.0571102
0.0553609
0.0605094
0.0586638
0.0568788
0.0616406
0.059859
0.0581407
0.0564914
0.0608204
0.0592624
0.0576756
0.0676313
0.0658818
0.0642912
0.0626643
0.0663657
0.0700295
0.0683988
0.0667259
0.0697499
0.0680564
0.0664229
0.064953
0.0674386
0.0658466
0.0643217
0.0665252
0.0649746
0.0634941
0.0620887
0.066237
0.0646604
0.063153
0.0617198
0.0625485
0.0633207
0.0617685
0.06029
0.0606281
0.0592194
0.0577907
0.0564472
0.0564029
0.0551122
0.0538146
0.0545794
0.0529802
0.0515633
0.0501379
0.049397
0.0478749
0.0469502
0.0454286
0.0439034
0.0426525
0.0410063
0.039564
0.0381396
0.0363614
0.0347723
0.0334112
0.0322778
0.0301791
0.0281675
0.0262627
0.0254266
0.0232437
0.0232002
0.0207751
0.018497
0.0193021
0.0167294
0.014173
0.0163827
0.0137802
0.0111845
0.00860194
0.0121533
0.00998469
0.00805055
0.0179405
0.0164018
0.0151236
0.014245
0.0178691
0.0213421
0.020626
0.0202758
0.0202605
0.0234464
0.0234464
0.023495
0.0265209
0.0265617
0.0268586
0.0274034
0.0294954
0.029995
0.0307104
0.0337694
0.033912
0.034329
0.0349376
0.0361886
0.037702
0.0378201
0.0381922
0.0393455
0.0395521
0.039901
0.0404357
0.0408918
0.0412239
0.041632
0.0417455
0.0420015
0.0424177
0.0429022
0.0423417
0.0421392
0.0420987
0.0422207
0.0416501
0.0417352
0.0411681
0.0407615
0.0405179
0.0398534
0.0393522
0.0390203
0.038089
0.0374741
0.0370343
0.0367162
0.0354205
0.0342378
0.0332536
0.0326711
0.0313853
0.0312434
0.0296582
0.028227
0.0283085
0.0265441
0.0249348
0.0255586
0.02358
0.0217369
0.0200499
0.0208522
0.0187439
0.0167796
0.0150027
0.023155
0.0205539
0.0179576
0.0233474
0.0291992
0.0266582
0.0241336
0.021631
0.0282529
0.0259067
0.0235702
0.021299
0.0279178
0.0257727
0.0237226
0.0388414
0.036868
0.0348695
0.0329578
0.0387472
0.0442777
0.042443
0.0405854
0.0388155
0.0440652
0.042393
0.040712
0.0451243
0.0434383
0.0419472
0.0404635
0.0441913
0.0426891
0.0413958
0.0494953
0.0478513
0.0462969
0.0492338
0.0492338
0.052208
0.0504965
0.0487553
0.0509709
0.0491791
0.0474686
0.0457289
0.047332
0.0454223
0.0436873
0.0419177
0.0430091
0.0410602
0.0391735
0.0425011
0.040307
0.038058
0.0359622
0.036346
0.036638
0.0342093
0.0317234
0.0319977
0.0294453
0.0269196
0.0244017
0.0249485
0.022325
0.01983
0.0260764
0.0237591
0.0215904
0.0195197
0.0238036
0.0223712
0.0275468
0.0265414
0.0258758
0.0320037
0.0317674
0.0317443
0.0319349
0.0386294
0.0391711
0.0391711
0.0456082
0.0462565
0.0471343
0.0482296
0.0594801
0.06045
0.0616087
0.0671875
0.0724274
0.0737671
0.0750459
0.0766105
0.081631
0.0831728
0.0847647
0.0895747
0.0912674
0.0930911
0.0949938
0.0997096
0.101611
0.103628
0.110662
0.112623
0.114739
0.116787
0.120871
0.12476
0.126969
0.129147
0.132645
0.134915
0.137237
0.139616
0.142785
0.145158
0.147586
0.150513
0.152983
0.155494
0.157922
0.16097
0.163433
0.166035
0.166352
0.16885
0.171748
0.174258
0.176772
0.179674
0.182096
0.184572
0.187332
0.189714
0.19215
0.194506
0.197078
0.199474
0.20179
0.204113
0.206205
0.208448
0.210652
0.212437
0.214019
0.216054
0.218146
0.220162
0.221172
0.223079
0.224999
0.225575
0.22743
0.229166
0.231051
0.230879
0.232651
0.234262
0.230815
0.232239
0.233816
0.235322
0.233421
0.230994
0.232227
0.233481
0.230474
0.231599
0.232657
0.232657
0.229014
0.230037
0.230992
0.226588
0.227417
0.228273
0.229023
0.218403
0.218988
0.219511
0.213685
0.214088
0.207989
0.208241
0.208618
0.201783
0.20205
0.202258
0.19456
0.194659
0.194755
0.194793
0.186683
0.18662
0.186554
0.186432
0.169051
0.168754
0.168498
0.16824
0.15106
0.150637
0.150126
0.1497
0.140558
0.139963
0.139457
0.130583
0.129956
0.129333
0.128669
0.119754
0.119064
0.118338
0.101616
0.100753
0.0999513
0.0992122
0.0898544
0.080201
0.0793969
0.0786717
0.0780276
0.0686786
0.0680425
0.0675021
0.0582592
0.0576829
0.0572774
0.0569892
0.0389685
0.0385023
0.0381432
0.0295191
0.0292969
0.0206949
0.0204943
0.020691
0.0125543
0.0131697
0.014175
0.0156019
0.00939001
0.0117338
0.0141737
0.0122057
0.0147516
0.0173188
0.0198991
0.0219547
0.023696
0.0255869
0.0291869
0.0308269
0.0345238
0.0359817
0.0375656
0.0409322
0.0423931
0.0439614
0.045626
0.0484331
0.0500173
0.0516677
0.0549624
0.0563441
0.0578312
0.0593741
0.0613
0.062801
0.0645189
0.0659755
0.0675021
0.0688832
0.0703547
0.0719084
0.0729555
0.074427
0.0759602
0.077566
0.0781567
0.0796889
0.0812765
0.0801507
0.0814952
0.0829005
0.0843637
0.0839746
0.0834713
0.0847464
0.0860823
0.0874761
0.0863342
0.0876555
0.0889372
0.0873348
0.0886714
0.0900353
0.0914538
0.0892892
0.0906423
0.0920729
0.0935303
0.0866104
0.0878251
0.0891288
0.0860445
0.0826525
0.0837381
0.0849241
0.0810604
0.0821464
0.0833006
0.08452
0.0799751
0.0799751
0.0811322
0.0760797
0.0771736
0.0783727
0.0796051
0.0682509
0.0692617
0.0703911
0.0715608
0.0656677
0.0597612
0.0608039
0.0619735
0.0559692
0.0571091
0.0583442
0.0596947
0.053287
0.0546414
0.0560853
0.0497905
0.0512904
0.0528773
0.0545438
0.0398009
0.0414696
0.0432325
0.0368083
0.03042
0.032358
0.0343857
0.0364885
0.0301827
0.0323211
0.0346287
0.0289662
0.0314156
0.0338477
0.0363402
0.0312407
0.0338198
0.0364042
0.0389354
0.027545
0.0301268
0.0327142
0.0292969
0.026858
0.0291237
0.0314441
0.0295435
0.0316714
0.0338679
0.0361206
0.0342006
0.0361875
0.0383387
0.0362515
0.0382286
0.0401801
0.0422934
0.0360896
0.037662
0.0392459
0.0410274
0.03847
0.0365282
0.0377354
0.0389825
0.0367479
0.0378427
0.0390823
0.0403551
0.0374108
0.0385343
0.0397983
0.0366577
0.0376879
0.0388674
0.0401829
0.0327682
0.0331572
0.0338243
0.0308817
0.0287488
0.028491
0.028601
0.0288783
0.0259828
0.0258392
0.0260269
0.0231061
0.0229937
0.0230976
0.023566
0.0179783
0.0170418
0.0164721
0.0162339
0.0134507
0.0154805
0.0133658
0.0114603
0.0137031
0.0112446
0.00887739
0.00669883
0.00985043
0.00723409
0.00461878
0.00200855
0.00740525
0.0054043
0.0039806
0.016548
0.0147361
0.0132952
0.0121293
0.0165475
0.0209227
0.0197259
0.0187093
0.0224062
0.0214448
0.0207707
0.0204899
0.0234255
0.0230171
0.0229023
0.0254794
0.0252542
0.0252993
0.029885
0.0293381
0.0289257
0.0287467
0.0303858
0.0300757
0.0316026
0.0311691
0.0309515
0.0318521
0.0315728
0.0314243
0.0319289
0.0316204
0.0315992
0.0317166
0.0313489
0.0313113
0.031492
0.0319454
0.0300927
0.0296949
0.0295245
0.0285533
0.0279022
0.0270928
0.0265179
0.0262708
0.0247111
0.0241347
0.0238333
0.0238866
0.0214896
0.0212789
0.0213887
0.0175444
0.0165182
0.0157539
0.0154019
0.0130513
0.0125355
0.0108363
0.009561
0.00889383
0.00765381
0.00600997
0.00523056
0.00513968
0.00274134
0.00157997
0.00326113
0.0112703
0.00917321
0.00739537
0.00623373
0.01147
0.0168541
0.0152651
0.0140014
0.0131436
0.0178213
0.0168231
0.0161306
0.0203308
0.0195117
0.0190203
0.0188086
0.0220042
0.0215921
0.0215921
0.0299389
0.028694
0.0277318
0.027027
0.0303432
0.0339917
0.0329101
0.0320347
0.0351611
0.0343943
0.0337166
0.0333228
0.0358602
0.0353582
0.0352255
0.0374396
0.0371813
0.0371964
0.0373919
0.0413162
0.0409787
0.0407708
0.0428981
0.0426477
0.0445075
0.0442265
0.0441666
0.0458397
0.0456505
0.0457066
0.0459096
0.0470709
0.0472238
0.0475837
0.0484416
0.0487384
0.0491986
0.0498856
0.0507296
0.0508106
0.0511357
0.0517545
0.052543
0.0526255
0.0526255
0.052836
0.0533362
0.0533864
0.053563
0.0536387
0.0536733
0.0538336
0.0541185
0.0535016
0.0536453
0.0539142
0.052216
0.0519283
0.0517697
0.0517415
0.050374
0.0492507
0.0487246
0.0483327
0.0480785
0.0463228
0.0458932
0.0456079
0.0435242
0.0430496
0.0427283
0.0402789
0.0397234
0.0393323
0.0391105
0.0351229
0.0340205
0.0330861
0.0323344
0.0303822
0.0298398
0.0282469
0.0268119
0.026789
0.0250138
0.0233934
0.0241803
0.0221849
0.0203266
0.0186465
0.0197272
0.017635
0.0156954
0.013972
0.0213309
0.0187909
0.0162698
0.0204994
0.0254243
0.0228285
0.0202338
0.0176406
0.0229569
0.0203956
0.0178455
0.0227888
0.020277
0.0177905
0.0153417
0.0199742
0.0175589
0.0152047
0.0266259
0.0241765
0.0217621
0.0193957
0.0238048
0.028607
0.0261368
0.0236943
0.0212891
0.0257186
0.0232603
0.0208364
0.0250018
0.0225186
0.0200651
0.0176535
0.0289335
0.0263625
0.0237978
0.0212417
0.0259118
0.0309074
0.0283074
0.0257074
0.0303124
0.0277193
0.0251275
0.0225377
0.0268774
0.024314
0.0217593
0.0192168
0.0299372
0.0299372
0.0274548
0.0312342
0.0287985
0.0328026
0.0304116
0.0280577
0.032025
0.029714
0.0274548
0.0252613
0.0291515
0.0269937
0.0249204
0.0285275
0.0264745
0.0245255
0.0227073
0.0303984
0.0283557
0.0264112
0.0295022
0.0275123
0.0308953
0.0288315
0.0268608
0.0299781
0.0279161
0.025951
0.0241065
0.0266465
0.0246764
0.0228327
0.0211486
0.0278374
0.0256127
0.0234652
0.0214184
0.0243529
0.0278405
0.025409
0.0230143
0.0267086
0.0242085
0.0217318
0.0192876
0.0233094
0.0207623
0.0182302
0.0295511
0.0269516
0.0243521
0.0217527
0.026557
0.0239738
0.0283942
0.0258375
0.0232905
0.0275978
0.0250856
0.0225934
0.0271288
0.0246728
0.0222496
0.0198711
0.0242985
0.0219514
0.0196681
0.0174734
0.0287055
0.0263624
0.0240722
0.0284245
0.0326917
0.0303041
0.0279544
0.0256531
0.0296792
0.0273281
0.0250262
0.0284797
0.0261221
0.0238151
0.0215749
0.0247089
0.0223817
0.0201213
0.0292633
0.0267582
0.0242731
0.0218148
0.0253097
0.0292732
0.0266953
0.0241221
0.0280895
0.0254937
0.0228989
0.0203054
0.0244759
0.021877
0.021877
0.0263458
0.0237641
0.021187
0.0186162
0.0299305
0.0274224
0.0249331
0.0297065
0.0272695
0.0319789
0.0295913
0.0272426
0.0320736
0.02977
0.0275193
0.0253355
0.0303384
0.0281823
0.0261072
0.024134
0.0349498
0.0328158
0.0307536
0.0350298
0.0329488
0.0369308
0.0348245
0.0327891
0.0363364
0.0342658
0.0322719
0.0303699
0.03346
0.0314985
0.0296354
0.032156
0.0302298
0.0284111
0.026722
0.0330782
0.0310032
0.029013
0.0311556
0.0332227
0.0309884
0.0288154
0.0307563
0.0284877
0.0262807
0.024152
0.0256525
0.0234101
0.0212493
0.022728
0.020437
0.018229
0.0161384
0.0223343
0.019817
0.0173242
0.0201766
0.0176028
0.0213315
0.0187315
0.0161315
0.0202919
0.017718
0.015153
0.0126024
0.0172614
0.0148036
0.0124039
0.0101038
0.0221431
0.0198484
0.0176387
0.0224839
0.0203238
0.0256149
0.0234685
0.0214227
0.0266219
0.024554
0.0225963
0.02078
0.0255338
0.0236388
0.0218891
0.0264492
0.0245884
0.0228723
0.0213356
0.0309942
0.0289743
0.0270536
0.0310111
0.0289775
0.0327312
0.0305978
0.028542
0.0341816
0.0319589
0.0297972
0.027711
0.0309919
0.0287867
0.0266528
0.0353607
0.0329392
0.0305471
0.0281919
0.0316254
0.0291823
0.0323083
0.0298007
0.0273103
0.0301703
0.0276232
0.0250869
0.022565
0.0254121
0.0228364
0.0202669
0.0229419
0.020344
0.0177468
0.0262006
0.0236325
0.0210724
0.0185233
0.0218239
0.0253778
0.0229393
0.0205404
0.0181968
0.022116
0.0198634
0.0177064
0.0156842
0.0191325
0.0172121
0.0154912
0.0236168
0.0216593
0.0198498
0.0182326
0.0214024
0.024802
0.022937
0.0212271
0.0244704
0.0226678
0.0210329
0.0196075
0.0220983
0.0205218
0.0191697
0.0212263
0.0196932
0.0184014
0.0174046
0.022336
0.0204174
0.0186646
0.0208068
0.0188246
0.0215044
0.0193027
0.0172124
0.0199239
0.0176201
0.0154107
0.013343
0.0160299
0.0136805
0.0114401
0.00938695
0.0123842
0.00993905
0.00759745
0.0190008
0.0164114
0.0138258
0.0112469
0.0170054
0.0225174
0.0200684
0.0176625
0.0231593
0.0208314
0.0185758
0.0242916
0.0220977
0.0200014
0.0180366
0.0234143
0.0214729
0.019684
0.0180929
0.0306438
0.0286778
0.0286778
0.0339535
0.0389045
0.0367497
0.0346563
0.0325685
0.0368483
0.0346386
0.0324895
0.0360713
0.033794
0.0315044
0.0293461
0.0322081
0.0298266
0.0275018
0.0350069
0.0324444
0.0299777
0.0274387
0.0297601
0.0323573
0.0297588
0.0271604
0.0245281
0.0273928
0.0247893
0.0223033
0.0258136
0.0235694
0.0214005
0.0193271
0.0310253
0.0292381
0.0277104
0.0333583
0.0320587
0.0382871
0.0373437
0.0365646
0.0427828
0.0422703
0.0419154
0.0417219
0.0475968
0.0475968
0.0476152
0.0478435
0.0582022
0.0582124
0.0583402
0.0630045
0.0631032
0.0675093
0.0677179
0.0680266
0.072062
0.0723989
0.0728283
0.0733487
0.0770602
0.0775938
0.0782115
0.0816157
0.0822944
0.0829957
0.0837728
0.0886931
0.0893529
0.0901332
0.0925125
0.0932616
0.0952399
0.0960689
0.0969123
0.0986449
0.0995153
0.100489
0.101476
0.103
0.103998
0.105052
0.106497
0.107455
0.108467
0.109533
0.110331
0.111389
0.111876
0.112928
0.114067
0.114165
0.115252
0.116389
0.117572
0.117149
0.118306
0.119509
0.118703
0.119916
0.12114
0.122407
0.118155
0.119304
0.120462
0.118229
0.115424
0.116483
0.117551
0.118666
0.115158
0.116219
0.117365
0.113547
0.114608
0.115719
0.116911
0.112489
0.113604
0.114767
0.103356
0.104322
0.105345
0.106423
0.100542
0.0945519
0.0954951
0.0965
0.0975649
0.0914169
0.0924652
0.0935751
0.0868766
0.0880185
0.0891855
0.0904132
0.0745754
0.0756956
0.0769204
0.07818
0.0706428
0.0627087
0.0640012
0.0653422
0.0667588
0.0589122
0.0589122
0.0604185
0.0524582
0.0540314
0.0556831
0.0475074
0.0492784
0.0511135
0.0530143
0.0362784
0.03834
0.0404729
0.0426598
0.0357347
0.0294507
0.0318323
0.034327
0.0289216
0.0315168
0.0340554
0.0366559
0.0320375
0.0346504
0.0371914
0.0287368
0.0311426
0.03358
0.035954
0.0337602
0.0360888
0.0342424
0.0363142
0.0385397
0.0366055
0.0386612
0.0407814
0.0428592
0.040496
0.0425076
0.0445821
0.0384483
0.0399813
0.0416225
0.0433596
0.0408455
0.0423739
0.0401262
0.0414316
0.0428572
0.0402725
0.0414706
0.0427954
0.0442355
0.0409774
0.0421949
0.0435359
0.0402745
0.0413125
0.0425759
0.0439589
0.0359123
0.0365604
0.0372889
0.0382684
0.0312945
0.0313602
0.0315609
0.0320507
0.0285622
0.0287169
0.0290227
0.0254026
0.0254732
0.0258104
0.026404
0.0218091
0.0221045
0.0226998
0.0155529
0.0142883
0.0134489
0.0130878
0.0103987
0.0121262
0.00965151
0.00727723
0.00514438
0.00865117
0.00614528
0.0036106
0.00961378
0.00763859
0.00625691
0.00566675
0.0177058
0.0162479
0.0151989
0.0204432
0.0193644
0.0248236
0.0238461
0.0238461
0.0230216
0.0281034
0.0270955
0.0263104
0.0257076
0.0299404
0.0291266
0.028469
0.0370427
0.0357214
0.0345044
0.0334425
0.0366692
0.0402758
0.0387047
0.0372075
0.0404836
0.038854
0.0371961
0.0355152
0.0382801
0.0364046
0.0346664
0.0370858
0.0351098
0.0332142
0.031324
0.0372985
0.0350328
0.0327031
0.0303194
0.0326428
0.0352487
0.0326229
0.0301008
0.0327548
0.0302432
0.027615
0.0250075
0.0281016
0.0256139
0.0231526
0.0265576
0.0243584
0.0243584
0.0340797
0.0322662
0.0304888
0.0287553
0.0331718
0.0378312
0.0363661
0.0349807
0.0336477
0.0383598
0.0372041
0.0359718
0.040633
0.0395121
0.0385304
0.0374991
0.0422423
0.0412295
0.040262
0.0503278
0.0490953
0.0478685
0.0466542
0.0510865
0.055756
0.0543342
0.0528973
0.056902
0.0552996
0.0537872
0.052256
0.055503
0.0538019
0.0521688
0.0506231
0.0573438
0.0553917
0.0535119
0.0557011
0.0536323
0.0560055
0.0537627
0.0515783
0.0493306
0.0537305
0.0513572
0.0490087
0.0511947
0.0488185
0.0464682
0.044243
0.0511057
0.0487139
0.0463402
0.0487076
0.0463013
0.0492291
0.0466994
0.0442665
0.047393
0.0449739
0.042508
0.0401254
0.0436155
0.0411826
0.0387654
0.0364658
0.047225
0.0447422
0.0423398
0.0399573
0.044675
0.0499992
0.0475574
0.0450725
0.0501157
0.0475837
0.0452701
0.0428427
0.0479873
0.0456003
0.0433843
0.041194
0.0465739
0.044434
0.0423466
0.0553719
0.053258
0.051254
0.051254
0.0573697
0.0634719
0.0613778
0.0593239
0.0655612
0.0634414
0.0613665
0.0591844
0.0657474
0.063479
0.0613132
0.0675942
0.0653358
0.0631013
0.0608227
0.0755987
0.073222
0.0707956
0.0767947
0.0825264
0.0800597
0.077539
0.0749628
0.0806564
0.078086
0.0755757
0.0808082
0.0781732
0.0755387
0.0729877
0.0781922
0.0755848
0.0730104
0.0870964
0.0845423
0.0820339
0.0883239
0.0858368
0.0921932
0.0896524
0.0872507
0.0848212
0.0905047
0.0881722
0.0881722
0.0935153
0.0912244
0.0889514
0.0867942
0.0995013
0.0972908
0.0951009
0.100068
0.0980152
0.103016
0.100903
0.0988135
0.0968491
0.101337
0.0993126
0.0973162
0.101664
0.0997067
0.0977798
0.0958857
0.105134
0.103354
0.101506
0.104755
0.102946
0.106092
0.104321
0.102587
0.10089
0.103402
0.101749
0.100137
0.102059
0.100494
0.0990578
0.0975815
0.101405
0.0999463
0.0986339
0.0994264
0.0980754
0.0992398
0.0980367
0.0967894
0.0980989
0.0968979
0.0958484
0.0947616
0.0959929
0.0949522
0.0939728
0.0952297
0.094292
0.0934183
0.0926103
0.0957302
0.0948519
0.0940383
0.0949574
0.0942545
0.0948982
0.0941277
0.0934242
0.0938725
0.0932724
0.0926523
0.0921025
0.092229
0.0917792
0.0913156
0.0910856
0.0906435
0.0903559
0.0900604
0.0890612
0.0886242
0.0882627
0.0880564
0.0856961
0.0852175
0.084817
0.0845753
0.0824746
0.0821139
0.0818354
0.0794936
0.0791795
0.0789509
0.0787428
0.0758818
0.0757825
0.0756953
0.0687142
0.0683666
0.0681956
0.0680443
0.063634
0.0590151
0.0587843
0.0585873
0.0541808
0.0538637
0.0536725
0.0536086
0.0487002
0.0486644
0.0487693
0.0433326
0.0435622
0.0438771
0.0443446
0.0328299
0.033324
0.0339518
0.0283532
0.0292432
0.0241152
0.0253543
0.0267925
0.0223079
0.024155
0.0261264
0.0282038
0.0248201
0.0271879
0.0295612
0.027355
0.0299165
0.032487
0.0350088
0.0301967
0.0327846
0.0353767
0.0352553
0.0356129
0.0380396
0.04049
0.0429601
0.0432058
0.0456018
0.0480208
0.0482179
0.0504703
0.0528047
0.0551971
0.0549771
0.0572932
0.0595406
0.0564743
0.0585723
0.0607106
0.0627879
0.062174
0.0614294
0.0633831
0.0652839
0.0642108
0.0661124
0.0680615
0.0700541
0.0682631
0.0701524
0.0720873
0.0697421
0.0714538
0.0733142
0.0752197
0.0682705
0.0697224
0.0713356
0.068507
0.0699851
0.0671886
0.0684381
0.069857
0.0667388
0.0680302
0.0692981
0.070734
0.06694
0.0682506
0.0695367
0.065558
0.0668286
0.068176
0.0694973
0.0593538
0.0603817
0.0615038
0.0568278
0.0521128
0.0528845
0.0537726
0.0485901
0.0492525
0.0501286
0.0511576
0.045462
0.046256
0.047269
0.0484025
0.0410456
0.0419547
0.0430041
0.0293405
0.0297732
0.0304257
0.0312842
0.0249716
0.0192565
0.0196435
0.0203623
0.0212839
0.0153496
0.0164373
0.0178454
0.0118828
0.0134479
0.0153795
0.0174903
0.0118069
0.0141406
0.0166249
0.00738149
0.00952468
0.0118265
0.0142527
0.0133993
0.0158143
0.0166729
0.0179035
0.0209313
0.0215953
0.0225454
0.0237756
0.0265094
0.0272585
0.0282313
0.0311418
0.0317723
0.0326014
0.0336143
0.0391086
0.0392787
0.0395499
0.0429364
0.0467405
0.0465537
0.0464323
0.0464582
0.0497534
0.049612
0.0495926
0.0525864
0.0524178
0.0523797
0.0525406
0.0551727
0.0551176
0.0551866
0.0607446
0.0603056
0.0599777
0.0597628
0.0619603
0.0643494
0.0637605
0.0632743
0.0654048
0.0647993
0.0642947
0.0638933
0.065447
0.0650098
0.0645887
0.0642715
0.0675062
0.0668497
0.0661983
0.0656449
0.0664667
0.0674307
0.0665762
0.0658147
0.0663005
0.0654457
0.0647741
0.0641101
0.0640475
0.0632907
0.0627208
0.0622885
0.0615356
0.060886
0.0604272
0.0592972
0.0583916
0.0575908
0.0568992
0.0554833
0.0539553
0.0529866
0.0529866
0.0512285
0.0502643
0.0493213
0.0484566
0.0460483
0.045219
0.0444319
0.0437873
0.0390748
0.037961
0.0370906
0.0340447
0.0329416
0.0299867
0.0288234
0.0277526
0.0268947
0.0233696
0.022461
0.0217277
0.0179362
0.0170705
0.016577
0.0165587
0.00955937
0.00848803
0.00814934
0.00867626
0.00448581
0.000656672
0.00305181
0.00558653
0.00534398
0.00765684
0.0101191
0.0104767
0.0126254
0.0149245
0.0173142
0.0175879
0.0196962
0.0219928
0.0210545
0.0227083
0.0244305
0.0263868
0.0267524
0.0273815
0.0287838
0.0304359
0.0322161
0.032102
0.0337028
0.0353248
0.0348492
0.0363828
0.0380399
0.0370983
0.0385411
0.040103
0.0417705
0.0381058
0.0390841
0.0402093
0.0414693
0.0400965
0.0390707
0.0396791
0.0404481
0.0393017
0.039718
0.0403807
0.0411993
0.0393848
0.0398586
0.0405778
0.0384507
0.038893
0.0395041
0.0401854
0.0354887
0.0353586
0.035422
0.0334381
0.0331628
0.0316726
0.03108
0.0306348
0.0290031
0.0282939
0.0278138
0.0275749
0.0251518
0.0245216
0.0241601
0.0218328
0.0209726
0.0204594
0.0202736
0.0188878
0.0188878
0.0169232
0.0192386
0.023136
0.0205489
0.0180249
0.0154569
0.020057
0.0174422
0.0148282
0.0198071
0.0173227
0.0148103
0.0123416
0.0178762
0.0155871
0.0134185
0.0114392
0.0252352
0.0231746
0.0212369
0.0268562
0.0323558
0.0304703
0.0285877
0.033361
0.0314848
0.0298207
0.0281895
0.0321147
0.0304653
0.0290573
0.0323529
0.0308146
0.0294291
0.0282188
0.0344248
0.0328421
0.0313981
0.0336233
0.0322128
0.0341836
0.0326057
0.031168
0.0328344
0.0313099
0.0299371
0.0287375
0.0297247
0.028492
0.0273473
0.0279085
0.0266131
0.0256143
0.0283571
0.0265252
0.0248343
0.0234136
0.0238763
0.0250839
0.0229542
0.0209353
0.0191626
0.0203989
0.0182049
0.0161483
0.0143511
0.0157326
0.0134119
0.0112225
0.0211514
0.0185427
0.0159369
0.0133356
0.0186301
0.0238976
0.0215297
0.0192265
0.0170144
0.0224851
0.0204439
0.018548
0.0235474
0.0217923
0.020229
0.0189003
0.023492
0.0222123
0.0212091
0.0312814
0.0299045
0.0287007
0.0276484
0.0315981
0.0357422
0.034473
0.0333216
0.0323767
0.0357066
0.0346871
0.0337902
0.0378793
0.036767
0.0358118
0.0348893
0.0414876
0.0400271
0.0386545
0.0411771
0.0395392
0.0422086
0.0402983
0.0385668
0.0367359
0.038869
0.036838
0.0348641
0.0329762
0.0347099
0.0324991
0.0303568
0.0282718
0.0349522
0.0324516
0.0299616
0.0331173
0.0372639
0.0347047
0.0321514
0.0296518
0.0345926
0.0321468
0.0298801
0.0356816
0.0336291
0.031724
0.0299371
0.0449551
0.0434889
0.0421333
0.0409918
0.0478449
0.054837
0.0540753
0.0533331
0.0599375
0.0599375
0.0594063
0.0590837
0.0653618
0.0652443
0.0653125
0.0715646
0.0718094
0.0721387
0.0725644
0.0837358
0.0842942
0.0849283
0.0856364
0.091406
0.0966991
0.0976132
0.0985861
0.103574
0.104683
0.105943
0.107244
0.111909
0.113337
0.114805
0.119053
0.120648
0.122362
0.124107
0.129645
0.131484
0.133333
0.136397
0.138975
0.140943
0.143027
0.145315
0.147408
0.149611
0.151828
0.153972
0.156284
0.158605
0.16054
0.162949
0.162949
0.165334
0.16657
0.169009
0.171393
0.173783
0.175209
0.176442
0.178784
0.181116
0.183509
0.184623
0.186997
0.189329
0.191578
0.192848
0.195136
0.197477
0.198444
0.200671
0.202907
0.205201
0.207168
0.209404
0.211684
0.213946
0.216457
0.218759
0.220908
0.223066
0.225921
0.228117
0.230228
0.233266
0.235416
0.2375
0.239593
0.243493
0.245559
0.247704
0.250518
0.252478
0.25502
0.257077
0.259074
0.25931
0.261321
0.263342
0.265441
0.267463
0.269648
0.27184
0.273966
0.275521
0.277788
0.280136
0.281862
0.284143
0.285669
0.288086
0.29043
0.291556
0.293968
0.296447
0.298928
0.299518
0.301988
0.304535
0.302163
0.304696
0.307217
0.309816
0.309441
0.312026
0.311163
0.313813
0.316386
0.315005
0.317566
0.320203
0.317914
0.320539
0.323087
0.3257
0.323076
0.325677
0.328279
0.319169
0.321694
0.324284
0.324284
0.3203
0.31614
0.318663
0.321328
0.323865
0.319262
0.321874
0.324486
0.319729
0.322276
0.324901
0.327539
0.32273
0.325369
0.327946
0.31611
0.31871
0.32131
0.32391
0.319735
0.31539
0.317964
0.320539
0.316565
0.319091
0.321647
0.324203
0.320172
0.322686
0.325286
0.320999
0.323563
0.326127
0.328643
0.318283
0.320872
0.323373
0.319603
0.322125
0.318765
0.321215
0.323718
0.320387
0.322873
0.322873
0.325362
0.321784
0.32426
0.326773
0.323419
0.325917
0.328449
0.330982
0.321357
0.323794
0.326355
0.322548
0.318454
0.321035
0.323617
0.326199
0.321715
0.324305
0.326895
0.322441
0.325037
0.327633
0.33023
0.325613
0.328214
0.330815
0.318181
0.320688
0.323294
0.3259
0.320642
0.314925
0.317533
0.320133
0.314464
0.317072
0.319679
0.32228
0.316459
0.319065
0.321667
0.315429
0.318034
0.32064
0.323242
0.308015
0.310618
0.31322
0.315823
0.309038
0.302406
0.305007
0.307607
0.300914
0.303514
0.306113
0.299067
0.301667
0.304266
0.306866
0.300016
0.302615
0.305115
0.307714
0.291017
0.293617
0.296217
0.289348
0.282463
0.285064
0.287666
0.290268
0.283232
0.285835
0.288438
0.281983
0.284588
0.287193
0.289797
0.283677
0.286183
0.288789
0.274871
0.277479
0.280086
0.282693
0.277602
0.272298
0.274906
0.277505
0.272243
0.27485
0.277457
0.280054
0.274568
0.277174
0.279769
0.273844
0.276349
0.278954
0.278954
0.264855
0.267454
0.270022
0.272606
0.266835
0.261458
0.263981
0.266523
0.260985
0.263486
0.265989
0.259705
0.262086
0.264569
0.266938
0.260359
0.262708
0.26506
0.248683
0.250992
0.253324
0.255627
0.248498
0.241262
0.243576
0.245783
0.247884
0.240331
0.242449
0.244562
0.23717
0.239294
0.241329
0.243463
0.235887
0.237853
0.239922
0.221945
0.223967
0.225905
0.227849
0.220149
0.212469
0.214404
0.214404
0.207356
0.209445
0.211446
0.213559
0.207187
0.209438
0.211697
0.213954
0.20002
0.202418
0.204822
0.199259
0.201789
0.195774
0.198307
0.200797
0.203408
0.197511
0.200086
0.202662
0.196583
0.199139
0.201791
0.204415
0.188823
0.191448
0.194009
0.187389
0.189947
0.182697
0.185313
0.187835
0.180766
0.183345
0.185891
0.188311
0.181057
0.183569
0.186051
0.188536
0.180896
0.183348
0.185772
0.168429
0.168429
0.170823
0.162986
0.165362
0.15804
0.160437
0.162687
0.155628
0.157906
0.160263
0.162532
0.155235
0.157514
0.159782
0.153151
0.155443
0.157648
0.159863
0.145907
0.148197
0.150496
0.145661
0.141049
0.143353
0.145666
0.141128
0.143412
0.145705
0.148016
0.143911
0.146205
0.148508
0.15082
0.147025
0.149348
0.151659
0.142483
0.144934
0.147331
0.144584
0.147039
0.144598
0.147059
0.149482
0.147757
0.147757
0.150234
0.152629
0.151371
0.153811
0.156255
0.158785
0.157788
0.16035
0.162835
0.159418
0.161946
0.164549
0.167078
0.166998
0.167155
0.169849
0.172401
0.172854
0.175412
0.178036
0.178542
0.181167
0.183728
0.186353
0.187039
0.1896
0.192224
0.190566
0.193185
0.195745
0.198364
0.198627
0.19849
0.201126
0.203737
0.206291
0.205704
0.208253
0.210858
0.209943
0.212541
0.215086
0.217769
0.216372
0.218963
0.221502
0.21454
0.217059
0.219579
0.222147
0.219284
0.216093
0.218587
0.221126
0.217731
0.220254
0.222738
0.225265
0.221469
0.22398
0.226545
0.222034
0.224491
0.226989
0.229452
0.21734
0.219766
0.22223
0.224662
0.219355
0.213972
0.216371
0.218806
0.213163
0.215584
0.217978
0.220407
0.214242
0.216754
0.219144
0.221569
0.20669
0.209085
0.211458
0.204756
0.207121
0.20054
0.202997
0.205391
0.198582
0.200974
0.203343
0.205718
0.198505
0.20088
0.203289
0.205768
0.189253
0.191637
0.194057
0.184328
0.18672
0.179686
0.182183
0.184652
0.177962
0.180535
0.183078
0.176783
0.179299
0.18191
0.184486
0.1791
0.181644
0.184187
0.171743
0.174343
0.176943
0.179542
0.174916
0.17013
0.172731
0.175333
0.177894
0.172857
0.17541
0.177967
0.180479
0.175609
0.178069
0.180532
0.16799
0.170417
0.172714
0.175105
0.170115
0.165393
0.167708
0.169983
0.172221
0.167304
0.169535
0.17173
0.166521
0.168668
0.168668
0.167638
0.158565
0.157564
0.15651
0.155583
0.137067
0.136194
0.135323
0.12532
0.114806
0.113945
0.113232
0.102994
0.1023
0.101765
0.101197
0.0913233
0.0910171
0.0906859
0.0905276
0.0810361
0.0811075
0.0812626
0.065264
0.0658401
0.0664155
0.0671842
0.0610985
0.0563276
0.0577452
0.0591587
0.0562359
0.0579952
0.059889
0.0618349
0.0604753
0.0604753
0.0604753
0.0564242
0.0564242
0.0564242
0.0564242
0.0550417
0.0550417
0.0540013
0.0540013
0.0540013
0.053232
0.053232
0.053232
0.053232
0.0526748
0.0526748
0.0526748
0.0519903
0.0519903
0.0519903
0.0519903
0.0517544
0.0517544
0.0515696
0.0515696
0.0515696
0.0514161
0.0514161
0.0514161
0.0514161
0.0512412
0.0512412
0.0512412
0.0510334
0.0510334
0.0510334
0.0510334
0.050494
0.050494
0.050494
0.0501943
0.0498363
0.0498363
0.0498363
0.0494083
0.0494083
0.0494083
0.0494083
0.048924
0.048924
0.048924
0.0483057
0.0483057
0.0483057
0.0483057
0.0467614
0.0467614
0.0467614
0.0459121
0.0459121
0.0449452
0.0449452
0.0449452
0.0439356
0.0439356
0.0439356
0.0439356
0.0428805
0.0428805
0.0428805
0.041759
0.041759
0.041759
0.041759
0.0394889
0.0394889
0.0394889
0.0381805
0.0381805
0.0368373
0.0368373
0.0368373
0.035441
0.035441
0.035441
0.035441
0.0339716
0.0339716
0.0339716
0.0325337
0.0325337
0.0325337
0.0325337
0.0297213
0.0297213
0.0297213
0.0297213
0.0272204
0.0272204
0.0272204
0.0260251
0.0260251
0.0260251
0.0260251
0.0249205
0.0249205
0.0249205
0.0249205
0.0238562
0.0238562
0.0238562
0.0217316
0.0217316
0.0217316
0.0217316
0.0206688
0.0195609
0.0195609
0.0195609
0.0195609
0.0184695
0.0184695
0.0184695
0.0173967
0.0173967
0.0173967
0.0173967
0.0154967
0.0154967
0.0154967
0.0154967
0.0147199
0.0140221
0.0140221
0.0140221
0.0134151
0.0134151
0.0134151
0.0134151
0.0128678
0.0128678
0.0128678
0.0128678
0.0123658
0.0123658
0.0123658
0.011561
0.011561
0.011561
0.011561
0.0112652
0.0110619
0.0110619
0.0110619
0.0108994
0.0108994
0.0108994
0.0108994
0.0107644
0.0107644
0.0107644
0.010634
