1.0000
1.0026
1.0052
1.0078
1.0104
1.0130
1.0156
1.0182
1.0207
1.0233
1.0259
1.0284
1.0310
1.0335
1.0360
1.0385
1.0410
1.0435
1.0460
1.0485
1.0509
1.0533
1.0557
1.0581
1.0605
1.0628
1.0651
1.0674
1.0697
1.0720
1.0742
1.0764
1.0786
1.0807
1.0829
1.0850
1.0870
1.0891
1.0911
1.0931
1.0950
1.0969
1.0988
1.1006
1.1025
1.1025
1.1042
1.1060
1.1078
1.1096
1.1113
1.1131
1.1149
1.1167
1.1185
1.1202
1.1220
1.1238
1.1256
1.1273
1.1291
1.1309
1.1327
1.1344
1.1362
1.1380
1.1398
1.1415
1.1433
1.1451
1.1469
1.1487
1.1504
1.1522
1.1540
1.1558
1.1575
1.1593
1.1611
1.1629
1.1646
1.1664
1.1682
1.1700
1.1718
1.1735
1.1753
1.1771
1.1789
1.1806
1.1824
1.1842
1.1860
1.1877
1.1895
1.1913
1.1931
1.1949
1.1966
1.1984
1.2002
1.2020
1.2037
1.2055
1.2073
1.2091
1.2108
1.2126
1.2144
1.2162
1.2180
1.2197
1.2215
1.2233
1.2251
1.2268
1.2286
1.2304
1.2322
1.2339
1.2357
1.2375
1.2393
1.2411
1.2428
1.2446
1.2464
1.2482
1.2499
1.2517
1.2535
1.2553
1.2570
1.2588
1.2606
1.2624
1.2641
1.2659
1.2677
1.2695
1.2713
1.2730
1.2748
1.2766
1.2784
1.2801
1.2801
1.2819
1.2837
1.2855
1.2872
1.2890
1.2908
1.2926
1.2944
1.2961
1.2979
1.2997
1.3015
1.3032
1.3050
1.3068
1.3086
1.3103
1.3121
1.3139
1.3157
1.3175
1.3192
1.3210
1.3228
1.3246
1.3263
1.3281
1.3299
1.3317
1.3334
1.3352
1.3370
1.3388
1.3406
1.3423
1.3441
1.3459
1.3477
1.3494
1.3512
1.3530
1.3548
1.3565
1.3583
1.3601
1.3619
1.3637
1.3654
1.3672
1.3690
1.3708
1.3725
1.3743
1.3761
1.3779
1.3796
1.3814
1.3832
1.3850
1.3867
1.3885
1.3903
1.3921
1.3939
1.3956
1.3974
1.3992
1.4010
1.4027
1.4045
1.4063
1.4081
1.4098
1.4116
1.4134
1.4152
1.4170
1.4187
1.4205
1.4223
1.4241
1.4258
1.4276
1.4294
1.4312
1.4329
1.4347
1.4365
1.4383
1.4401
1.4418
1.4436
1.4454
1.4472
1.4489
1.4507
1.4525
1.4543
1.4560
1.4578
1.4578
1.4596
1.4614
1.4632
1.4649
1.4667
1.4685
1.4703
1.4720
1.4738
1.4756
1.4774
1.4791
1.4809
1.4827
1.4845
1.4863
1.4880
1.4898
1.4916
1.4934
1.4951
1.4969
1.4987
1.5005
1.5022
1.5040
1.5058
1.5076
1.5093
1.5111
1.5129
1.5147
1.5165
1.5182
1.5200
1.5218
1.5236
1.5253
1.5271
1.5289
1.5307
1.5324
1.5342
1.5360
1.5378
1.5396
1.5413
1.5431
1.5449
1.5467
1.5484
1.5502
1.5520
1.5538
1.5555
1.5573
1.5591
1.5609
1.5627
1.5644
1.5662
1.5680
1.5698
1.5715
1.5733
1.5751
1.5769
1.5786
1.5804
1.5822
1.5840
1.5858
1.5875
1.5893
1.5911
1.5929
1.5946
1.5964
1.5982
1.6000
1.6017
1.6035
1.6053
1.6071
1.6089
1.6106
1.6124
1.6142
1.6160
1.6177
1.6195
1.6213
1.6231
1.6248
1.6266
1.6284
1.6302
1.6319
1.6337
1.6355
1.6355
1.6373
1.6390
1.6407
1.6424
1.6440
1.6456
1.6472
1.6487
1.6502
1.6516
1.6530
1.6543
1.6557
1.6569
1.6582
1.6593
1.6605
1.6616
1.6626
1.6637
1.6646
1.6655
1.6664
1.6672
1.6680
1.6688
1.6695
1.6701
1.6707
1.6712
1.6717
1.6722
1.6726
1.6730
1.6733
1.6735
1.6738
1.6739
1.6740
1.6741
1.6741
1.6741
1.6740
1.6739
1.6739
1.6737
1.6735
1.6732
1.6729
1.6726
1.6722
1.6717
1.6712
1.6706
1.6700
1.6694
1.6687
1.6679
1.6672
1.6663
1.6654
1.6645
1.6636
1.6625
1.6615
1.6604
1.6592
1.6580
1.6568
1.6555
1.6542
1.6529
1.6515
1.6500
1.6485
1.6470
1.6455
1.6439
1.6422
1.6406
1.6389
1.6371
1.6353
1.6335
1.6317
1.6298
1.6279
1.6259
1.6239
1.6239
1.6219
1.6199
1.6179
1.6159
1.6139
1.6119
1.6099
1.6078
1.6058
1.6038
1.6018
1.5998
1.5978
1.5958
1.5938
1.5918
1.5897
1.5877
1.5857
1.5837
1.5817
1.5797
1.5777
1.5757
1.5737
1.5716
1.5696
1.5676
1.5656
1.5636
1.5616
1.5596
1.5576
1.5556
1.5535
1.5515
1.5495
1.5475
1.5455
1.5435
1.5415
1.5395
1.5375
1.5354
1.5334
1.5314
1.5294
1.5274
1.5254
1.5234
1.5214
1.5194
1.5173
1.5153
1.5133
1.5113
1.5093
1.5073
1.5053
1.5033
1.5013
1.4992
1.4972
1.4952
1.4932
1.4912
1.4892
1.4872
1.4852
1.4832
1.4811
1.4791
1.4771
1.4751
1.4731
1.4711
1.4691
1.4671
1.4651
1.4630
1.4610
1.4590
1.4570
1.4550
1.4530
1.4510
1.4490
1.4470
1.4449
1.4429
1.4409
1.4389
1.4369
1.4349
1.4329
1.4309
1.4289
1.4268
1.4248
1.4228
1.4228
1.4208
1.4188
1.4167
1.4146
1.4125
1.4103
1.4081
1.4059
1.4037
1.4014
1.3991
1.3968
1.3945
1.3922
1.3898
1.3874
1.3850
1.3826
1.3801
1.3777
1.3752
1.3727
1.3702
1.3677
1.3652
1.3627
1.3601
1.3575
1.3550
1.3524
1.3498
1.3472
1.3447
1.3421
1.3395
1.3369
1.3343
1.3317
1.3291
1.3265
1.3239
1.3213
1.3187
1.3161
1.3161
1.3135
1.3110
1.3084
1.3058
1.3032
1.3006
1.2980
1.2954
1.2928
1.2902
1.2876
1.2850
1.2824
1.2798
1.2772
1.2747
1.2721
1.2695
1.2670
1.2645
1.2619
1.2594
1.2569
1.2544
1.2520
1.2495
1.2471
1.2446
1.2422
1.2399
1.2375
1.2351
1.2328
1.2305
1.2282
1.2260
1.2237
1.2215
1.2193
1.2172
1.2151
1.2130
1.2109
1.2088
1.2088
1.2068
1.2049
1.2029
1.2010
1.1991
1.1973
1.1954
1.1937
1.1919
1.1902
1.1885
1.1869
1.1853
1.1837
1.1822
1.1807
1.1793
1.1779
1.1766
1.1752
1.1740
1.1727
1.1715
1.1704
1.1693
1.1682
1.1672
1.1662
1.1653
1.1644
1.1636
1.1628
1.1621
1.1614
1.1607
1.1601
1.1596
1.1591
1.1586
1.1582
1.1578
1.1575
1.1573
1.1570
1.1570
1.1569
1.1567
1.1565
1.1564
1.1562
1.1560
1.1558
1.1557
1.1555
1.1553
1.1552
1.1550
1.1548
1.1546
1.1545
1.1543
1.1541
1.1539
1.1538
1.1536
1.1534
1.1533
1.1531
1.1529
1.1527
1.1526
1.1524
1.1522
1.1521
1.1519
1.1517
1.1515
1.1514
1.1512
1.1510
1.1509
1.1507
1.1505
1.1503
1.1502
1.1500
1.1498
1.1497
1.1495
1.1493
1.1491
1.1490
1.1488
1.1486
1.1485
1.1483
1.1481
1.1479
1.1478
1.1476
1.1474
1.1473
1.1471
1.1469
1.1467
1.1466
1.1464
1.1462
1.1461
1.1459
1.1457
1.1455
1.1454
1.1452
1.1450
1.1449
1.1447
1.1445
1.1443
1.1442
1.1440
1.1438
1.1437
1.1435
1.1433
1.1431
1.1430
1.1428
1.1426
1.1425
1.1423
1.1421
1.1419
1.1418
1.1416
1.1414
1.1413
1.1411
1.1409
1.1407
1.1406
1.1404
1.1402
1.1401
1.1399
1.1399
1.1397
1.1395
1.1394
1.1392
1.1390
1.1389
1.1387
1.1385
1.1383
1.1382
1.1380
1.1378
1.1377
1.1375
1.1373
1.1371
1.1370
1.1368
1.1366
1.1365
1.1363
1.1361
1.1359
1.1358
1.1356
1.1354
1.1353
1.1351
1.1349
1.1347
1.1346
1.1344
1.1342
1.1341
1.1339
1.1337
1.1335
1.1334
1.1332
1.1330
1.1329
1.1327
1.1325
1.1323
1.1322
1.1320
1.1318
1.1317
1.1315
1.1313
1.1311
1.1310
1.1308
1.1306
1.1305
1.1303
1.1301
1.1299
1.1298
1.1296
1.1294
1.1293
1.1291
1.1289
1.1287
1.1286
1.1284
1.1282
1.1281
1.1279
1.1277
1.1275
1.1274
1.1272
1.1270
1.1269
1.1267
1.1265
1.1263
1.1262
1.1260
1.1258
1.1257
1.1255
1.1253
1.1251
1.1250
1.1248
1.1246
1.1245
1.1243
1.1241
1.1239
1.1238
1.1236
1.1234
1.1233
1.1231
1.1229
1.1227
1.1227
1.1226
1.1224
1.1222
1.1221
1.1219
1.1217
1.1215
1.1214
1.1212
1.1210
1.1209
1.1207
1.1205
1.1203
1.1202
1.1200
1.1198
1.1197
1.1195
1.1193
1.1191
1.1190
1.1188
1.1186
1.1185
1.1183
1.1181
1.1179
1.1178
1.1176
1.1174
1.1173
1.1171
1.1169
1.1167
1.1166
1.1164
1.1162
1.1161
1.1159
1.1157
1.1155
1.1154
1.1152
1.1150
1.1149
1.1147
1.1145
1.1143
1.1142
1.1140
1.1138
1.1137
1.1135
1.1133
1.1131
1.1130
1.1128
1.1126
1.1125
1.1123
1.1121
1.1119
1.1118
1.1116
1.1114
1.1113
1.1111
1.1109
1.1107
1.1106
1.1104
1.1102
1.1100
1.1099
1.1097
1.1095
1.1094
1.1092
1.1090
1.1088
1.1087
1.1085
1.1083
1.1082
1.1080
1.1078
1.1076
1.1075
1.1073
1.1071
1.1070
1.1068
1.1066
1.1064
1.1063
1.1061
1.1059
1.1058
1.1056
1.1056
1.1054
1.1052
1.1051
1.1049
1.1047
1.1046
1.1044
1.1042
1.1040
1.1039
1.1037
1.1035
1.1034
1.1032
1.1030
1.1028
1.1027
1.1025
1.1023
1.1022
1.1020
1.1018
1.1016
1.1015
1.1013
1.1011
1.1010
1.1008
1.1006
1.1004
1.1003
1.1001
1.0999
1.0998
1.0996
1.0994
1.0992
1.0991
1.0989
1.0987
1.0986
1.0984
1.0982
1.0980
1.0979
1.0977
1.0975
1.0974
1.0972
1.0970
1.0968
1.0967
1.0965
1.0963
1.0962
1.0960
1.0958
1.0956
1.0955
1.0953
1.0951
1.0950
1.0948
1.0946
1.0944
1.0943
1.0941
1.0939
1.0938
1.0936
1.0934
1.0932
1.0931
1.0929
1.0927
1.0926
1.0924
1.0922
1.0920
1.0919
1.0917
1.0915
1.0914
1.0912
1.0910
1.0908
1.0907
1.0905
1.0903
1.0902
1.0900
1.0898
1.0896
1.0895
1.0893
1.0891
1.0890
1.0888
1.0886
1.0884
1.0884
1.0883
1.0881
1.0879
1.0878
1.0876
1.0874
1.0872
1.0871
1.0869
1.0867
1.0866
1.0864
1.0862
1.0860
1.0859
1.0857
1.0855
1.0854
1.0852
1.0850
1.0848
1.0847
1.0845
1.0843
1.0842
1.0840
1.0838
1.0836
1.0835
1.0833
1.0831
1.0830
1.0828
1.0826
1.0824
1.0823
1.0821
1.0819
1.0818
1.0816
1.0814
1.0812
1.0811
1.0809
1.0807
1.0806
1.0804
1.0802
1.0800
1.0799
1.0797
1.0795
1.0794
1.0792
1.0790
1.0788
1.0787
1.0785
1.0783
1.0782
1.0780
1.0778
1.0776
1.0775
1.0773
1.0771
1.0770
1.0768
1.0766
1.0764
1.0763
1.0761
1.0759
1.0758
1.0756
1.0754
1.0752
1.0751
1.0749
1.0747
1.0746
1.0744
1.0742
1.0740
1.0739
1.0737
1.0735
1.0734
1.0732
1.0730
1.0728
1.0727
1.0725
1.0723
1.0722
1.0720
1.0718
1.0716
1.0715
1.0713
1.0713
1.0711
1.0709
1.0706
1.0703
1.0700
1.0695
1.0691
1.0686
1.0680
1.0674
1.0668
1.0661
1.0653
1.0645
1.0637
1.0628
1.0619
1.0609
1.0599
1.0589
1.0578
1.0566
1.0554
1.0542
1.0529
1.0516
1.0502
1.0488
1.0474
1.0459
1.0444
1.0429
1.0413
1.0396
1.0380
1.0362
1.0345
1.0327
1.0309
1.0291
1.0272
1.0253
1.0233
1.0213
1.0213
1.0193
1.0173
1.0154
1.0135
1.0116
1.0097
1.0079
1.0061
1.0044
1.0027
1.0010
0.9994
0.9978
0.9962
0.9947
0.9932
0.9918
0.9904
0.9890
0.9877
0.9864
0.9852
0.9840
0.9829
0.9818
0.9807
0.9797
0.9787
0.9778
0.9769
0.9761
0.9753
0.9746
0.9739
0.9732
0.9726
0.9721
0.9716
0.9711
0.9707
0.9703
0.9700
0.9697
0.9695
0.9695
0.9693
0.9692
0.9690
0.9688
0.9687
0.9685
0.9683
0.9681
0.9680
0.9678
0.9676
0.9675
0.9673
0.9671
0.9669
0.9668
0.9666
0.9664
0.9663
0.9661
0.9659
0.9657
0.9656
0.9654
0.9652
0.9651
0.9649
0.9647
0.9645
0.9644
0.9642
0.9640
0.9639
0.9637
0.9635
0.9633
0.9632
0.9630
0.9628
0.9627
0.9625
0.9623
0.9621
0.9620
0.9618
0.9616
0.9615
0.9613
0.9611
0.9609
0.9608
0.9606
0.9604
0.9603
0.9601
0.9599
0.9597
0.9596
0.9594
0.9592
0.9591
0.9589
0.9587
0.9585
0.9584
0.9582
0.9580
0.9579
0.9577
0.9575
0.9573
0.9572
0.9570
0.9568
0.9567
0.9565
0.9563
0.9561
0.9560
0.9558
0.9556
0.9555
0.9553
0.9551
0.9549
0.9548
0.9546
0.9544
0.9543
0.9541
0.9539
0.9537
0.9536
0.9534
0.9532
0.9531
0.9529
0.9527
0.9525
0.9524
0.9524
0.9522
0.9520
0.9519
0.9517
0.9515
0.9513
0.9512
0.9510
0.9508
0.9507
0.9505
0.9503
0.9501
0.9500
0.9498
0.9496
0.9494
0.9493
0.9491
0.9489
0.9488
0.9486
0.9484
0.9482
0.9481
0.9479
0.9477
0.9476
0.9474
0.9472
0.9470
0.9469
0.9467
0.9465
0.9464
0.9462
0.9460
0.9458
0.9457
0.9455
0.9453
0.9452
0.9450
0.9448
0.9446
0.9445
0.9443
0.9441
0.9440
0.9438
0.9436
0.9434
0.9433
0.9431
0.9429
0.9428
0.9426
0.9424
0.9422
0.9421
0.9419
0.9417
0.9416
0.9414
0.9412
0.9410
0.9409
0.9407
0.9405
0.9404
0.9402
0.9400
0.9398
0.9397
0.9395
0.9393
0.9392
0.9390
0.9388
0.9386
0.9385
0.9383
0.9381
0.9380
0.9378
0.9376
0.9374
0.9373
0.9371
0.9369
0.9368
0.9366
0.9364
0.9362
0.9361
0.9359
0.9357
0.9356
0.9354
0.9352
0.9352
0.9350
0.9349
0.9348
0.9348
0.9348
0.9349
0.9350
0.9352
0.9354
0.9357
0.9360
0.9363
0.9368
0.9372
0.9377
0.9383
0.9389
0.9395
0.9402
0.9409
0.9417
0.9425
0.9434
0.9443
0.9453
0.9463
0.9474
0.9485
0.9496
0.9508
0.9520
0.9533
0.9546
0.9560
0.9574
0.9588
0.9603
0.9618
0.9633
0.9649
0.9666
0.9682
0.9699
0.9717
0.9717
0.9734
0.9752
0.9770
0.9788
0.9806
0.9823
0.9841
0.9859
0.9877
0.9894
0.9912
0.9930
0.9948
0.9965
0.9983
1.0001
1.0019
1.0037
1.0054
1.0072
1.0090
1.0108
1.0125
1.0143
1.0161
1.0179
1.0196
1.0214
1.0232
1.0250
1.0268
1.0285
1.0303
1.0321
1.0339
1.0356
1.0374
1.0392
1.0410
1.0427
1.0445
1.0463
1.0481
1.0499
1.0516
1.0534
1.0552
1.0570
1.0587
1.0605
1.0623
1.0641
1.0658
1.0676
1.0694
1.0712
1.0730
1.0747
1.0765
1.0783
1.0801
1.0818
1.0836
1.0854
1.0872
1.0889
1.0907
1.0925
1.0943
1.0960
1.0978
1.0996
1.1014
1.1032
1.1049
1.1067
1.1085
1.1103
1.1120
1.1138
1.1156
1.1174
1.1191
1.1209
1.1227
1.1245
1.1263
1.1280
1.1298
1.1316
1.1334
1.1351
1.1369
1.1387
1.1405
1.1422
1.1440
1.1458
1.1476
1.1494
1.1494
1.1511
1.1529
1.1547
1.1565
1.1582
1.1600
1.1618
1.1636
1.1653
1.1671
1.1689
1.1707
1.1725
1.1742
1.1760
1.1778
1.1796
1.1813
1.1831
1.1849
1.1867
1.1884
1.1902
1.1920
1.1938
1.1956
1.1973
1.1991
1.2009
1.2027
1.2044
1.2062
1.2080
1.2098
1.2115
1.2133
1.2151
1.2169
1.2186
1.2204
1.2222
1.2240
1.2258
1.2275
1.2293
1.2311
1.2329
1.2346
1.2364
1.2382
1.2400
1.2417
1.2435
1.2453
1.2471
1.2489
1.2506
1.2524
1.2542
1.2560
1.2577
1.2595
1.2613
1.2631
1.2648
1.2666
1.2684
1.2702
1.2720
1.2737
1.2755
1.2773
1.2791
1.2808
1.2826
1.2844
1.2862
1.2879
1.2897
1.2915
1.2933
1.2951
1.2968
1.2986
1.3004
1.3022
1.3039
1.3057
1.3075
1.3093
1.3110
1.3128
1.3146
1.3164
1.3182
1.3199
1.3217
1.3235
1.3253
1.3270
1.3270
1.3288
1.3306
1.3325
1.3343
1.3363
1.3382
1.3402
1.3422
1.3442
1.3463
1.3484
1.3505
1.3527
1.3549
1.3571
1.3593
1.3615
1.3638
1.3661
1.3685
1.3708
1.3732
1.3755
1.3780
1.3804
1.3828
1.3853
1.3877
1.3902
1.3927
1.3952
1.3978
1.4003
1.4028
1.4054
1.4080
1.4105
1.4131
1.4157
1.4183
1.4209
1.4235
1.4261
1.4287
1.4287
1.4313
1.4339
1.4365
1.4391
1.4417
1.4443
1.4469
1.4495
1.4521
1.4547
1.4573
1.4599
1.4625
1.4651
1.4677
1.4703
1.4729
1.4755
1.4781
1.4807
1.4833
1.4859
1.4885
1.4911
1.4937
1.4963
1.4989
1.5015
1.5041
1.5067
1.5093
1.5119
1.5145
1.5171
1.5197
1.5223
1.5249
1.5275
1.5301
1.5327
1.5353
1.5379
1.5405
1.5431
1.5457
1.5483
1.5509
1.5535
1.5561
1.5587
1.5613
1.5639
1.5665
1.5691
1.5717
1.5743
1.5769
1.5795
1.5821
1.5847
1.5873
1.5899
1.5925
1.5951
1.5977
1.6003
1.6029
1.6055
1.6081
1.6107
1.6133
1.6159
1.6185
1.6211
1.6237
1.6263
1.6289
1.6315
1.6341
1.6367
1.6393
1.6419
1.6445
1.6471
1.6497
1.6523
1.6549
1.6575
1.6601
1.6627
1.6653
1.6679
1.6705
1.6731
1.6757
1.6783
1.6809
1.6835
1.6861
1.6887
1.6887
1.6913
1.6939
1.6965
1.6991
1.7017
1.7043
1.7069
1.7095
1.7121
1.7147
1.7173
1.7199
1.7225
1.7251
1.7277
1.7303
1.7329
1.7355
1.7381
1.7407
1.7433
1.7459
1.7485
1.7511
1.7537
1.7563
1.7589
1.7615
1.7641
1.7667
1.7693
1.7719
1.7745
1.7771
1.7797
1.7823
1.7849
1.7875
1.7901
1.7927
1.7953
1.7979
1.8005
1.8031
1.8057
1.8083
1.8109
1.8135
1.8161
1.8187
1.8213
1.8239
1.8265
1.8291
1.8317
1.8343
1.8369
1.8395
1.8421
1.8447
1.8473
1.8499
1.8525
1.8551
1.8577
1.8603
1.8629
1.8655
1.8681
1.8707
1.8733
1.8759
1.8785
1.8811
1.8837
1.8863
1.8889
1.8915
1.8941
1.8967
1.8993
1.9019
1.9045
1.9071
1.9097
1.9123
1.9149
1.9175
1.9201
1.9227
1.9253
1.9279
1.9305
1.9331
1.9357
1.9383
1.9409
1.9435
1.9461
1.9487
1.9487
1.9513
1.9539
1.9565
1.9591
1.9617
1.9642
1.9668
1.9694
1.9720
1.9745
1.9771
1.9796
1.9822
1.9847
1.9872
1.9897
1.9922
1.9947
1.9971
1.9996
2.0020
2.0044
2.0068
2.0091
2.0115
2.0138
2.0161
2.0184
2.0206
2.0229
2.0251
2.0273
2.0294
2.0315
2.0336
2.0357
2.0377
2.0398
2.0417
2.0437
2.0456
2.0475
2.0493
2.0511
2.0511
2.0529
2.0547
2.0565
2.0582
2.0600
2.0618
2.0636
2.0653
2.0671
2.0689
2.0707
2.0725
2.0742
2.0760
2.0778
2.0796
2.0813
2.0831
2.0849
2.0867
2.0884
2.0902
2.0920
2.0938
2.0955
2.0973
2.0991
2.1009
2.1027
2.1044
2.1062
2.1080
2.1098
2.1115
2.1133
2.1151
2.1169
2.1186
2.1204
2.1222
2.1240
2.1258
2.1275
2.1293
2.1311
2.1329
2.1346
2.1364
2.1382
2.1400
2.1417
2.1435
2.1453
2.1471
2.1489
2.1506
2.1524
2.1542
2.1560
2.1577
2.1595
2.1613
2.1631
2.1648
2.1666
2.1684
2.1702
2.1720
2.1737
2.1755
2.1773
2.1791
2.1808
2.1826
2.1844
2.1862
2.1879
2.1897
2.1915
2.1933
2.1951
2.1968
2.1986
2.2004
2.2022
2.2039
2.2057
2.2075
2.2093
2.2110
2.2128
2.2146
2.2164
2.2182
2.2199
2.2217
2.2235
2.2253
2.2270
2.2288
2.2288
2.2306
2.2324
2.2341
2.2359
2.2377
2.2395
2.2412
2.2430
2.2448
2.2466
2.2484
2.2501
2.2519
2.2537
2.2555
2.2572
2.2590
2.2608
2.2626
2.2643
2.2661
2.2679
2.2697
2.2715
2.2732
2.2750
2.2768
2.2786
2.2803
2.2821
2.2839
2.2857
2.2874
2.2892
2.2910
2.2928
2.2946
2.2963
2.2981
2.2999
2.3017
2.3034
2.3052
2.3070
2.3088
2.3105
2.3123
2.3141
2.3159
2.3177
2.3194
2.3212
2.3230
2.3248
2.3265
2.3283
2.3301
2.3319
2.3336
2.3354
2.3372
2.3390
2.3408
2.3425
2.3443
2.3461
2.3479
2.3496
2.3514
2.3532
2.3550
2.3567
2.3585
2.3603
2.3621
2.3638
2.3656
2.3674
2.3692
2.3710
2.3727
2.3745
2.3763
2.3781
2.3798
2.3816
2.3834
2.3852
2.3869
2.3887
2.3905
2.3923
2.3941
2.3958
2.3976
2.3994
2.4012
2.4029
2.4047
2.4065
2.4065
2.4083
2.4100
2.4117
2.4134
2.4150
2.4166
2.4182
2.4197
2.4212
2.4226
2.4240
2.4253
2.4267
2.4279
2.4291
2.4303
2.4315
2.4326
2.4336
2.4346
2.4356
2.4365
2.4374
2.4382
2.4390
2.4397
2.4404
2.4411
2.4417
2.4422
2.4427
2.4432
2.4436
2.4440
2.4443
2.4445
2.4447
2.4449
2.4450
2.4451
2.4451
2.4451
2.4450
2.4449
2.4449
2.4447
2.4446
2.4444
2.4442
2.4440
2.4439
2.4437
2.4435
2.4434
2.4432
2.4430
2.4428
2.4427
2.4425
2.4423
2.4422
2.4420
2.4418
2.4416
2.4415
2.4413
2.4411
2.4410
2.4408
2.4406
2.4404
2.4403
2.4401
2.4399
2.4398
2.4396
2.4394
2.4392
2.4391
2.4389
2.4387
2.4386
2.4384
2.4382
2.4380
2.4379
2.4377
2.4375
2.4374
2.4372
2.4370
2.4368
2.4367
2.4365
2.4363
2.4361
2.4360
2.4358
2.4356
2.4355
2.4353
2.4351
2.4349
2.4348
2.4346
2.4344
2.4343
2.4341
2.4339
2.4337
2.4336
2.4334
2.4332
2.4331
2.4329
2.4327
2.4325
2.4324
2.4322
2.4320
2.4319
2.4317
2.4315
2.4313
2.4312
2.4310
2.4308
2.4307
2.4305
2.4303
2.4301
2.4300
2.4298
2.4296
2.4295
2.4293
2.4291
2.4289
2.4288
2.4286
2.4284
2.4283
2.4281
2.4279
2.4277
2.4277
2.4276
2.4274
2.4272
2.4271
2.4269
2.4267
2.4265
2.4264
2.4262
2.4260
2.4259
2.4257
2.4255
2.4253
2.4252
2.4250
2.4248
2.4247
2.4245
2.4243
2.4241
2.4240
2.4238
2.4236
2.4235
2.4233
2.4231
2.4229
2.4228
2.4226
2.4224
2.4223
2.4221
2.4219
2.4217
2.4216
2.4214
2.4212
2.4211
2.4209
2.4207
2.4205
2.4204
2.4202
2.4200
2.4199
2.4197
2.4195
2.4193
2.4192
2.4190
2.4188
2.4187
2.4185
2.4183
2.4181
2.4180
2.4178
2.4176
2.4175
2.4173
2.4171
2.4169
2.4168
2.4166
2.4164
2.4163
2.4161
2.4159
2.4157
2.4156
2.4154
2.4152
2.4151
2.4149
2.4147
2.4145
2.4144
2.4142
2.4140
2.4139
2.4137
2.4135
2.4133
2.4132
2.4130
2.4128
2.4127
2.4125
2.4123
2.4121
2.4120
2.4118
2.4116
2.4115
2.4113
2.4111
2.4109
2.4108
2.4106
2.4106
2.4104
2.4103
2.4101
2.4099
2.4097
2.4096
2.4094
2.4092
2.4091
2.4089
2.4087
2.4085
2.4084
2.4082
2.4080
2.4079
2.4077
2.4075
2.4073
2.4072
2.4070
2.4068
2.4067
2.4065
2.4063
2.4061
2.4060
2.4058
2.4056
2.4055
2.4053
2.4051
2.4049
2.4048
2.4046
2.4044
2.4043
2.4041
2.4039
2.4037
2.4036
2.4034
2.4032
2.4031
2.4029
2.4027
2.4025
2.4024
2.4022
2.4020
2.4019
2.4017
2.4015
2.4013
2.4012
2.4010
2.4008
2.4007
2.4005
2.4003
2.4001
2.4000
2.3998
2.3996
2.3995
2.3993
2.3991
2.3989
2.3988
2.3986
2.3984
2.3983
2.3981
2.3979
2.3977
2.3976
2.3974
2.3972
2.3971
2.3969
2.3967
2.3965
2.3964
2.3962
2.3960
2.3959
2.3957
2.3955
2.3953
2.3952
2.3950
2.3948
2.3947
2.3945
2.3943
2.3941
2.3940
2.3938
2.3936
2.3935
2.3935
2.3933
2.3931
2.3929
2.3928
2.3926
2.3924
2.3922
2.3921
2.3919
2.3917
2.3916
2.3914
2.3912
2.3910
2.3909
2.3907
2.3905
2.3904
2.3902
2.3900
2.3898
2.3897
2.3895
2.3893
2.3892
2.3890
2.3888
2.3886
2.3885
2.3883
2.3881
2.3880
2.3878
2.3876
2.3874
2.3873
2.3871
2.3869
2.3868
2.3866
2.3864
2.3862
2.3861
2.3859
2.3857
2.3856
2.3854
2.3852
2.3850
2.3849
2.3847
2.3845
2.3844
2.3842
2.3840
2.3838
2.3837
2.3835
2.3833
2.3832
2.3830
2.3828
2.3826
2.3825
2.3823
2.3821
2.3820
2.3818
2.3816
2.3814
2.3813
2.3811
2.3809
2.3808
2.3806
2.3804
2.3802
2.3801
2.3799
2.3797
2.3796
2.3794
2.3792
2.3790
2.3789
2.3787
2.3785
2.3784
2.3782
2.3780
2.3778
2.3777
2.3775
2.3773
2.3772
2.3770
2.3768
2.3766
2.3765
2.3763
2.3763
2.3761
2.3760
2.3758
2.3756
2.3754
2.3753
2.3751
2.3749
2.3748
2.3746
2.3744
2.3742
2.3741
2.3739
2.3737
2.3736
2.3734
2.3732
2.3730
2.3729
2.3727
2.3725
2.3724
2.3722
2.3720
2.3718
2.3717
2.3715
2.3713
2.3712
2.3710
2.3708
2.3706
2.3705
2.3703
2.3701
2.3700
2.3698
2.3696
2.3694
2.3693
2.3691
2.3689
2.3688
2.3686
2.3684
2.3682
2.3681
2.3679
2.3677
2.3676
2.3674
2.3672
2.3670
2.3669
2.3667
2.3665
2.3664
2.3662
2.3660
2.3658
2.3657
2.3655
2.3653
2.3652
2.3650
2.3648
2.3646
2.3645
2.3643
2.3641
2.3640
2.3638
2.3636
2.3634
2.3633
2.3631
2.3629
2.3628
2.3626
2.3624
2.3622
2.3621
2.3619
2.3617
2.3616
2.3614
2.3612
2.3610
2.3609
2.3607
2.3605
2.3604
2.3602
2.3600
2.3598
2.3597
2.3595
2.3593
2.3592
2.3592
2.3590
2.3589
2.3588
2.3588
2.3588
2.3588
2.3590
2.3591
2.3593
2.3596
2.3599
2.3603
2.3607
2.3611
2.3616
2.3622
2.3628
2.3634
2.3641
2.3649
2.3656
2.3665
2.3674
2.3683
2.3692
2.3702
2.3713
2.3724
2.3735
2.3747
2.3760
2.3772
2.3785
2.3799
2.3813
2.3827
2.3842
2.3857
2.3873
2.3889
2.3905
2.3922
2.3939
2.3956
2.3956
2.3974
2.3992
2.4009
2.4027
2.4045
2.4063
2.4080
2.4098
2.4116
2.4134
2.4152
2.4169
2.4187
2.4205
2.4223
2.4240
2.4258
2.4276
2.4294
2.4311
2.4329
2.4347
2.4365
2.4383
2.4400
2.4418
2.4436
2.4454
2.4471
2.4489
2.4507
2.4525
2.4542
2.4560
2.4578
2.4596
2.4614
2.4631
2.4649
2.4667
2.4685
2.4702
2.4720
2.4738
2.4756
2.4773
2.4791
2.4809
2.4827
2.4844
2.4862
2.4880
2.4898
2.4916
2.4933
2.4951
2.4969
2.4987
2.5004
2.5022
2.5040
2.5058
2.5075
2.5093
2.5111
2.5129
2.5147
2.5164
2.5182
2.5200
2.5218
2.5235
2.5253
2.5271
2.5289
2.5306
2.5324
2.5342
2.5360
2.5378
2.5395
2.5413
2.5431
2.5449
2.5466
2.5484
2.5502
2.5520
2.5537
2.5555
2.5573
2.5591
2.5609
2.5626
2.5644
2.5662
2.5680
2.5697
2.5715
2.5733
2.5733
2.5751
2.5769
2.5787
2.5806
2.5825
2.5845
2.5864
2.5884
2.5905
2.5926
2.5947
2.5968
2.5989
2.6011
2.6033
2.6055
2.6078
2.6101
2.6124
2.6147
2.6171
2.6194
2.6218
2.6242
2.6266
2.6291
2.6315
2.6340
2.6365
2.6390
2.6415
2.6440
2.6466
2.6491
2.6517
2.6542
2.6568
2.6594
2.6620
2.6645
2.6671
2.6697
2.6723
2.6749
2.6749
2.6775
2.6801
2.6827
2.6853
2.6879
2.6905
2.6931
2.6957
2.6982
2.7008
2.7034
2.7059
2.7084
2.7110
2.7135
2.7160
2.7185
2.7209
2.7234
2.7258
2.7282
2.7306
2.7330
2.7354
2.7377
2.7401
2.7424
2.7446
2.7469
2.7491
2.7513
2.7535
2.7557
2.7578
2.7599
2.7620
2.7640
2.7660
2.7680
2.7699
2.7718
2.7737
2.7756
2.7774
2.7774
2.7792
2.7809
2.7827
2.7845
2.7863
2.7880
2.7898
2.7916
2.7934
2.7952
2.7969
2.7987
2.8005
2.8023
2.8040
2.8058
2.8076
2.8094
2.8111
2.8129
2.8147
2.8165
2.8183
2.8200
2.8218
2.8236
2.8254
2.8271
2.8289
2.8307
2.8325
2.8342
2.8360
2.8378
2.8396
2.8413
2.8431
2.8449
2.8467
2.8485
2.8502
2.8520
2.8538
2.8556
2.8573
2.8591
2.8609
2.8627
2.8644
2.8662
2.8680
2.8698
2.8716
2.8733
2.8751
2.8769
2.8787
2.8804
2.8822
2.8840
2.8858
2.8875
2.8893
2.8911
2.8929
2.8947
2.8964
2.8982
2.9000
2.9018
2.9035
2.9053
2.9071
2.9089
2.9106
2.9124
2.9142
2.9160
2.9178
2.9195
2.9213
2.9231
2.9249
2.9266
2.9284
2.9302
2.9320
2.9337
2.9355
2.9373
2.9391
2.9409
2.9426
2.9444
2.9462
2.9480
2.9497
2.9515
2.9533
2.9551
2.9551
2.9568
2.9586
2.9604
2.9622
2.9639
2.9657
2.9675
2.9693
2.9711
2.9728
2.9746
2.9764
2.9782
2.9799
2.9817
2.9835
2.9853
2.9870
2.9888
2.9906
2.9924
2.9942
2.9959
2.9977
2.9995
3.0013
3.0030
3.0048
3.0066
3.0084
3.0101
3.0119
3.0137
3.0155
3.0173
3.0190
3.0208
3.0226
3.0244
3.0261
3.0279
3.0297
3.0315
3.0332
3.0350
3.0368
3.0386
3.0404
3.0421
3.0439
3.0457
3.0475
3.0492
3.0510
3.0528
3.0546
3.0563
3.0581
3.0599
3.0617
3.0635
3.0652
3.0670
3.0688
3.0706
3.0723
3.0741
3.0759
3.0777
3.0794
3.0812
3.0830
3.0848
3.0866
3.0883
3.0901
3.0919
3.0937
3.0954
3.0972
3.0990
3.1008
3.1025
3.1043
3.1061
3.1079
3.1096
3.1114
3.1132
3.1150
3.1168
3.1185
3.1203
3.1221
3.1239
3.1256
3.1274
3.1292
3.1310
3.1327
3.1327
3.1345
3.1363
3.1381
3.1399
3.1416
3.1434
3.1452
3.1470
3.1487
3.1505
3.1523
3.1541
3.1558
3.1576
3.1594
3.1612
3.1630
3.1647
3.1665
3.1683
3.1701
3.1718
3.1736
3.1754
3.1772
3.1789
3.1807
3.1825
3.1843
3.1861
3.1878
3.1896
3.1914
3.1932
3.1949
3.1967
3.1985
3.2003
3.2020
3.2038
3.2056
3.2074
3.2092
3.2109
3.2127
3.2145
3.2163
3.2180
3.2198
3.2216
3.2234
3.2251
3.2269
3.2287
3.2305
3.2322
3.2340
3.2358
3.2376
3.2394
3.2411
3.2429
3.2447
3.2465
3.2482
3.2500
3.2518
3.2536
3.2553
3.2571
3.2589
3.2607
3.2625
3.2642
3.2660
3.2678
3.2696
3.2713
3.2731
3.2749
3.2767
3.2784
3.2802
3.2820
3.2838
3.2856
3.2873
3.2891
3.2909
3.2927
3.2944
3.2962
3.2980
3.2998
3.3015
3.3033
3.3051
3.3069
3.3087
3.3104
3.3104
3.3122
3.3140
3.3158
3.3175
3.3193
3.3211
3.3229
3.3246
3.3264
3.3282
3.3300
3.3318
3.3335
3.3353
3.3371
3.3389
3.3406
3.3424
3.3442
3.3460
3.3477
3.3495
3.3513
3.3531
3.3548
3.3566
3.3584
3.3602
3.3620
3.3637
3.3655
3.3673
3.3691
3.3708
3.3726
3.3744
3.3762
3.3779
3.3797
3.3815
3.3833
3.3851
3.3868
3.3886
3.3904
3.3922
3.3939
3.3957
3.3975
3.3993
3.4010
3.4028
3.4046
3.4064
3.4082
3.4099
3.4117
3.4135
3.4153
3.4170
3.4188
3.4206
3.4224
3.4241
3.4259
3.4277
3.4295
3.4313
3.4330
3.4348
3.4366
3.4384
3.4401
3.4419
3.4437
3.4455
3.4472
3.4490
3.4508
3.4526
3.4544
3.4561
3.4579
3.4597
3.4615
3.4632
3.4650
3.4668
3.4686
3.4703
3.4721
3.4739
3.4757
3.4774
3.4792
3.4810
3.4828
3.4846
3.4863
3.4881
3.4881
3.4899
3.4917
3.4934
3.4952
3.4970
3.4988
3.5005
3.5023
3.5041
3.5059
3.5077
3.5094
3.5112
3.5130
3.5148
3.5165
3.5183
3.5201
3.5219
3.5236
3.5254
3.5272
3.5290
3.5308
3.5325
3.5343
3.5361
3.5379
3.5396
3.5414
3.5432
3.5450
3.5467
3.5485
3.5503
3.5521
3.5539
3.5556
3.5574
3.5592
3.5610
3.5627
3.5645
3.5663
3.5681
3.5698
3.5716
3.5734
3.5752
3.5770
3.5787
3.5805
3.5823
3.5841
3.5858
3.5876
3.5894
3.5912
3.5929
3.5947
3.5965
3.5983
3.6000
3.6018
3.6036
3.6054
3.6072
3.6089
3.6107
3.6125
3.6143
3.6160
3.6178
3.6196
3.6214
3.6231
3.6249
3.6267
3.6285
3.6303
3.6320
3.6338
3.6356
3.6374
3.6391
3.6409
3.6427
3.6445
3.6462
3.6480
3.6498
3.6516
3.6534
3.6551
3.6569
3.6587
3.6605
3.6622
3.6640
3.6658
3.6658
3.6676
3.6693
3.6711
3.6729
3.6747
3.6765
3.6782
3.6800
3.6818
3.6836
3.6853
3.6871
3.6889
3.6907
3.6924
3.6942
3.6960
3.6978
3.6996
3.7013
3.7031
3.7049
3.7067
3.7084
3.7102
3.7120
3.7138
3.7155
3.7173
3.7191
3.7209
3.7226
3.7244
3.7262
3.7280
3.7298
3.7315
3.7333
3.7351
3.7369
3.7386
3.7404
3.7422
3.7440
3.7457
3.7475
3.7493
3.7511
3.7529
3.7546
3.7564
3.7582
3.7600
3.7617
3.7635
3.7653
3.7671
3.7688
3.7706
3.7724
3.7742
3.7760
3.7777
3.7795
3.7813
3.7831
3.7848
3.7866
3.7884
3.7902
3.7919
3.7937
3.7955
3.7973
3.7991
3.8008
3.8026
3.8044
3.8062
3.8079
3.8097
3.8115
3.8133
3.8150
3.8168
3.8186
3.8204
3.8222
3.8239
3.8257
3.8275
3.8293
3.8310
3.8328
3.8346
3.8364
3.8381
3.8399
3.8417
3.8435
3.8435
3.8452
3.8471
3.8489
3.8508
3.8527
3.8546
3.8566
3.8586
3.8607
3.8627
3.8648
3.8670
3.8691
3.8713
3.8735
3.8757
3.8780
3.8803
3.8826
3.8849
3.8872
3.8896
3.8920
3.8944
3.8968
3.8993
3.9017
3.9042
3.9067
3.9092
3.9117
3.9142
3.9167
3.9193
3.9218
3.9244
3.9270
3.9295
3.9321
3.9347
3.9373
3.9399
3.9425
3.9451
3.9451
3.9477
3.9503
3.9529
3.9555
3.9581
3.9607
3.9633
3.9659
3.9685
3.9711
3.9737
3.9763
3.9789
3.9815
3.9841
3.9867
3.9893
3.9919
3.9945
3.9971
3.9997
4.0023
4.0049
4.0075
4.0101
4.0127
4.0153
4.0179
4.0205
4.0231
4.0257
4.0283
4.0309
4.0335
4.0361
4.0387
4.0413
4.0439
4.0465
4.0491
4.0517
4.0543
4.0569
4.0595
4.0621
4.0647
4.0673
4.0699
4.0725
4.0751
4.0777
4.0803
4.0829
4.0855
4.0881
4.0907
4.0933
4.0959
4.0985
4.1011
4.1037
4.1063
4.1089
4.1115
4.1141
4.1167
4.1193
4.1219
4.1245
4.1271
4.1297
4.1323
4.1349
4.1375
4.1401
4.1427
4.1453
4.1479
4.1505
4.1531
4.1557
4.1583
4.1609
4.1635
4.1661
4.1687
4.1713
4.1739
4.1765
4.1791
4.1817
4.1843
4.1869
4.1895
4.1921
4.1947
4.1973
4.1999
4.2025
4.2051
4.2051
4.2077
4.2103
4.2129
4.2155
4.2181
4.2207
4.2233
4.2259
4.2285
4.2311
4.2337
4.2363
4.2389
4.2415
4.2441
4.2467
4.2493
4.2519
4.2545
4.2571
4.2597
4.2623
4.2649
4.2675
4.2701
4.2727
4.2753
4.2779
4.2805
4.2831
4.2857
4.2883
4.2909
4.2935
4.2961
4.2987
4.3013
4.3039
4.3065
4.3091
4.3117
4.3143
4.3169
4.3195
4.3221
4.3247
4.3273
4.3299
4.3325
4.3351
4.3377
4.3403
4.3429
4.3455
4.3481
4.3507
4.3533
4.3559
4.3585
4.3611
4.3637
4.3663
4.3689
4.3715
4.3741
4.3767
4.3793
4.3819
4.3845
4.3871
4.3897
4.3923
4.3949
4.3975
4.4001
4.4027
4.4053
4.4079
4.4105
4.4131
4.4157
4.4183
4.4209
4.4235
4.4261
4.4287
4.4313
4.4339
4.4365
4.4391
4.4417
4.4443
4.4469
4.4495
4.4521
4.4547
4.4573
4.4599
4.4625
4.4651
4.4651
4.4677
4.4703
4.4729
4.4755
4.4781
4.4807
4.4833
4.4858
4.4884
4.4910
4.4935
4.4961
4.4986
4.5011
4.5037
4.5062
4.5086
4.5111
4.5136
4.5160
4.5184
4.5208
4.5232
4.5256
4.5279
4.5303
4.5326
4.5348
4.5371
4.5393
4.5415
4.5437
4.5459
4.5480
4.5501
4.5521
4.5542
4.5562
4.5582
4.5601
4.5620
4.5639
4.5658
4.5676
4.5676
4.5693
4.5711
4.5729
4.5747
4.5765
4.5782
4.5800
4.5818
4.5836
4.5853
4.5871
4.5889
4.5907
4.5924
4.5942
4.5960
4.5978
4.5996
4.6013
4.6031
4.6049
4.6067
4.6084
4.6102
4.6120
4.6138
4.6155
4.6173
4.6191
4.6209
4.6226
4.6244
4.6262
4.6280
4.6298
4.6315
4.6333
4.6351
4.6369
4.6386
4.6404
4.6422
4.6440
4.6457
4.6475
4.6493
4.6511
4.6529
4.6546
4.6564
4.6582
4.6600
4.6617
4.6635
4.6653
4.6671
4.6688
4.6706
4.6724
4.6742
4.6760
4.6777
4.6795
4.6813
4.6831
4.6848
4.6866
4.6884
4.6902
4.6919
4.6937
4.6955
4.6973
4.6991
4.7008
4.7026
4.7044
4.7062
4.7079
4.7097
4.7115
4.7133
4.7150
4.7168
4.7186
4.7204
4.7222
4.7239
4.7257
4.7275
4.7293
4.7310
4.7328
4.7346
4.7364
4.7381
4.7399
4.7417
4.7435
4.7452
4.7452
4.7470
4.7488
4.7506
4.7524
4.7541
4.7559
4.7577
4.7595
4.7612
4.7630
4.7648
4.7666
4.7683
4.7701
4.7719
4.7737
4.7755
4.7772
4.7790
4.7808
4.7826
4.7843
4.7861
4.7879
4.7897
4.7914
4.7932
4.7950
4.7968
4.7986
4.8003
4.8021
4.8039
4.8057
4.8074
4.8092
4.8110
4.8128
4.8145
4.8163
4.8181
4.8199
4.8217
4.8234
4.8252
4.8270
4.8288
4.8305
4.8323
4.8341
4.8359
4.8376
4.8394
4.8412
4.8430
4.8448
4.8465
4.8483
4.8501
4.8519
4.8536
4.8554
4.8572
4.8590
4.8607
4.8625
4.8643
4.8661
4.8678
4.8696
4.8714
4.8732
4.8750
4.8767
4.8785
4.8803
4.8821
4.8838
4.8856
4.8874
4.8892
4.8909
4.8927
4.8945
4.8963
4.8981
4.8998
4.9016
4.9034
4.9052
4.9069
4.9087
4.9105
4.9123
4.9140
4.9158
4.9176
4.9194
4.9212
4.9229
4.9229
4.9247
4.9265
4.9283
4.9300
4.9318
4.9336
4.9354
4.9371
4.9389
4.9407
4.9425
4.9443
4.9460
4.9478
4.9496
4.9514
4.9531
4.9549
4.9567
4.9585
4.9602
4.9620
4.9638
4.9656
4.9674
4.9691
4.9709
4.9727
4.9745
4.9762
4.9780
4.9798
4.9816
4.9833
4.9851
4.9869
4.9887
4.9905
4.9922
4.9940
4.9958
4.9976
4.9993
5.0011
5.0029
5.0047
5.0064
5.0082
5.0100
5.0118
5.0135
5.0153
5.0171
5.0189
5.0207
5.0224
5.0242
5.0260
5.0278
5.0295
5.0313
5.0331
5.0349
5.0366
5.0384
5.0402
5.0420
5.0438
5.0455
5.0473
5.0491
5.0509
5.0526
5.0544
5.0562
5.0580
5.0597
5.0615
5.0633
5.0651
5.0669
5.0686
5.0704
5.0722
5.0740
5.0757
5.0775
5.0793
5.0811
5.0828
5.0846
5.0864
5.0882
5.0900
5.0917
5.0935
5.0953
5.0971
5.0988
5.1006
5.1006
5.1024
5.1042
5.1059
5.1077
5.1095
5.1113
5.1131
5.1148
5.1166
5.1184
5.1202
5.1219
5.1237
5.1255
5.1273
5.1290
5.1308
5.1326
5.1344
5.1361
5.1379
5.1397
5.1415
5.1433
5.1450
5.1468
5.1486
5.1504
5.1521
5.1539
5.1557
5.1575
5.1592
5.1610
5.1628
5.1646
5.1664
5.1681
5.1699
5.1717
5.1735
5.1752
5.1770
5.1788
5.1806
5.1823
5.1841
5.1859
5.1877
5.1895
5.1912
5.1930
5.1948
5.1966
5.1983
5.2001
5.2019
5.2037
5.2054
5.2072
5.2090
5.2108
5.2126
5.2143
5.2161
5.2179
5.2197
5.2214
5.2232
5.2250
5.2268
5.2285
5.2303
5.2321
5.2339
5.2357
5.2374
5.2392
5.2410
5.2428
5.2445
5.2463
5.2481
5.2499
5.2516
5.2534
5.2552
5.2570
5.2587
5.2605
5.2623
5.2641
5.2659
5.2676
5.2694
5.2712
5.2730
5.2747
5.2765
5.2783
5.2783
5.2801
5.2818
5.2836
5.2854
5.2872
5.2890
5.2907
5.2925
5.2943
5.2961
5.2978
5.2996
5.3014
5.3032
5.3049
5.3067
5.3085
5.3103
5.3121
5.3138
5.3156
5.3174
5.3192
5.3209
5.3227
5.3245
5.3263
5.3280
5.3298
5.3316
5.3334
5.3352
5.3369
5.3387
5.3405
5.3423
5.3440
5.3458
5.3476
5.3494
5.3511
5.3529
5.3547
5.3565
5.3583
5.3600
5.3618
5.3636
5.3654
5.3671
5.3689
5.3707
5.3725
5.3742
5.3760
5.3778
5.3796
5.3813
5.3831
5.3849
5.3867
5.3885
5.3902
5.3920
5.3938
5.3956
5.3973
5.3991
5.4009
5.4027
5.4044
5.4062
5.4080
5.4098
5.4116
5.4133
5.4151
5.4169
5.4187
5.4204
5.4222
5.4240
5.4258
5.4275
5.4293
5.4311
5.4329
5.4347
5.4364
5.4382
5.4400
5.4418
5.4435
5.4453
5.4471
5.4489
5.4506
5.4524
5.4542
5.4560
5.4560
5.4578
5.4595
5.4613
5.4631
5.4649
5.4666
5.4684
5.4702
5.4720
5.4737
5.4755
5.4773
5.4791
5.4809
5.4826
5.4844
5.4862
5.4880
5.4897
5.4915
5.4933
5.4951
5.4968
5.4986
5.5004
5.5022
5.5039
5.5057
5.5075
5.5093
5.5111
5.5128
5.5146
5.5164
5.5182
5.5199
5.5217
5.5235
5.5253
5.5270
5.5288
5.5306
5.5324
5.5342
5.5359
5.5377
5.5395
5.5413
5.5430
5.5448
5.5466
5.5484
5.5501
5.5519
5.5537
5.5555
5.5573
5.5590
5.5608
5.5626
5.5644
5.5661
5.5679
5.5697
5.5715
5.5732
5.5750
5.5768
5.5786
5.5804
5.5821
5.5839
5.5857
5.5875
5.5892
5.5910
5.5928
5.5946
5.5963
5.5981
5.5999
5.6017
5.6035
5.6052
5.6070
5.6088
5.6106
5.6123
5.6141
5.6159
5.6177
5.6194
5.6212
5.6230
5.6248
5.6265
5.6283
5.6301
5.6319
5.6337
5.6337
5.6354
5.6372
5.6391
5.6410
5.6429
5.6448
5.6468
5.6488
5.6509
5.6529
5.6550
5.6571
5.6593
5.6615
5.6637
5.6659
5.6682
5.6704
5.6727
5.6751
5.6774
5.6798
5.6822
5.6846
5.6870
5.6894
5.6919
5.6944
5.6968
5.6993
5.7019
5.7044
5.7069
5.7095
5.7120
5.7146
5.7172
5.7197
5.7223
5.7249
5.7275
5.7301
5.7327
5.7353
5.7353
5.7379
5.7405
5.7431
5.7457
5.7483
5.7509
5.7535
5.7560
5.7586
5.7612
5.7637
5.7663
5.7688
5.7713
5.7738
5.7763
5.7788
5.7813
5.7837
5.7862
5.7886
5.7910
5.7934
5.7958
5.7981
5.8004
5.8027
5.8050
5.8073
5.8095
5.8117
5.8139
5.8160
5.8182
5.8203
5.8223
5.8244
5.8264
5.8284
5.8303
5.8322
5.8341
5.8359
5.8378
5.8378
5.8395
5.8413
5.8432
5.8451
5.8470
5.8489
5.8509
5.8529
5.8549
5.8570
5.8591
5.8612
5.8634
5.8656
5.8678
5.8700
5.8723
5.8745
5.8768
5.8792
5.8815
5.8839
5.8863
5.8887
5.8911
5.8935
5.8960
5.8985
5.9009
5.9034
5.9060
5.9085
5.9110
5.9136
5.9161
5.9187
5.9213
5.9238
5.9264
5.9290
5.9316
5.9342
5.9368
5.9394
5.9394
5.9420
5.9446
5.9472
5.9498
5.9524
5.9550
5.9575
5.9601
5.9627
5.9653
5.9678
5.9704
5.9729
5.9754
5.9779
5.9804
5.9829
5.9854
5.9878
5.9903
5.9927
5.9951
5.9975
5.9999
6.0022
6.0045
6.0068
6.0091
6.0114
6.0136
6.0158
6.0180
6.0201
6.0223
6.0244
6.0264
6.0285
6.0305
6.0325
6.0344
6.0363
6.0382
6.0400
6.0418
6.0418
6.0436
6.0454
6.0472
6.0490
6.0507
6.0525
6.0543
6.0561
6.0578
6.0596
6.0614
6.0632
6.0649
6.0667
6.0685
6.0703
6.0721
6.0738
6.0756
6.0774
6.0792
6.0809
6.0827
6.0845
6.0863
6.0880
6.0898
6.0916
6.0934
6.0952
6.0969
6.0987
6.1005
6.1023
6.1040
6.1058
6.1076
6.1094
6.1111
6.1129
6.1147
6.1165
6.1182
6.1200
6.1218
6.1236
6.1254
6.1271
6.1289
6.1307
6.1325
6.1342
6.1360
6.1378
6.1396
6.1413
6.1431
6.1449
6.1467
6.1485
6.1502
6.1520
6.1538
6.1556
6.1573
6.1591
6.1609
6.1627
6.1644
6.1662
6.1680
6.1698
6.1716
6.1733
6.1751
6.1769
6.1787
6.1804
6.1822
6.1840
6.1858
6.1875
6.1893
6.1911
6.1929
6.1947
6.1964
6.1982
6.2000
6.2018
6.2035
6.2053
6.2071
6.2089
6.2106
6.2124
6.2142
6.2160
6.2178
6.2195
6.2195
6.2213
6.2231
6.2249
6.2266
6.2284
6.2302
6.2320
6.2337
6.2355
6.2373
6.2391
6.2409
6.2426
6.2444
6.2462
6.2480
6.2497
6.2515
6.2533
6.2551
6.2568
6.2586
6.2604
6.2622
6.2639
6.2657
6.2675
6.2693
6.2711
6.2728
6.2746
6.2764
6.2782
6.2799
6.2817
6.2835
6.2853
6.2870
6.2888
6.2906
6.2924
6.2942
6.2959
6.2977
6.2995
6.3013
6.3030
6.3048
6.3066
6.3084
6.3101
6.3119
6.3137
6.3155
6.3173
6.3190
6.3208
6.3226
6.3244
6.3261
6.3279
6.3297
6.3315
6.3332
6.3350
6.3368
6.3386
6.3404
6.3421
6.3439
6.3457
6.3475
6.3492
6.3510
6.3528
6.3546
6.3563
6.3581
6.3599
6.3617
6.3635
6.3652
6.3670
6.3688
6.3706
6.3723
6.3741
6.3759
6.3777
6.3794
6.3812
6.3830
6.3848
6.3865
6.3883
6.3901
6.3919
6.3937
6.3954
6.3972
6.3972
6.3990
6.4008
6.4025
6.4043
6.4061
6.4079
6.4096
6.4114
6.4132
6.4150
6.4168
6.4185
6.4203
6.4221
6.4239
6.4256
6.4274
6.4292
6.4310
6.4327
6.4345
6.4363
6.4381
6.4399
6.4416
6.4434
6.4452
6.4470
6.4487
6.4505
6.4523
6.4541
6.4558
6.4576
6.4594
6.4612
6.4630
6.4647
6.4665
6.4683
6.4701
6.4718
6.4736
6.4754
6.4772
6.4789
6.4807
6.4825
6.4843
6.4861
6.4878
6.4896
6.4914
6.4932
6.4949
6.4967
6.4985
6.5003
6.5020
6.5038
6.5056
6.5074
6.5091
6.5109
6.5127
6.5145
6.5163
6.5180
6.5198
6.5216
6.5234
6.5251
6.5269
6.5287
6.5305
6.5322
6.5340
6.5358
6.5376
6.5394
6.5411
6.5429
6.5447
6.5465
6.5482
6.5500
6.5518
6.5536
6.5553
6.5571
6.5589
6.5607
6.5625
6.5642
6.5660
6.5678
6.5696
6.5713
6.5731
6.5749
6.5749
6.5767
6.5785
6.5803
6.5822
6.5841
6.5861
6.5880
6.5900
6.5921
6.5942
6.5963
6.5984
6.6005
6.6027
6.6049
6.6071
6.6094
6.6117
6.6140
6.6163
6.6187
6.6210
6.6234
6.6258
6.6282
6.6307
6.6331
6.6356
6.6381
6.6406
6.6431
6.6456
6.6482
6.6507
6.6533
6.6558
6.6584
6.6610
6.6636
6.6661
6.6687
6.6713
6.6739
6.6765
6.6765
6.6791
6.6817
6.6843
6.6869
6.6895
6.6921
6.6947
6.6973
6.6999
6.7025
6.7051
6.7077
6.7103
6.7129
6.7155
6.7181
6.7207
6.7233
6.7259
6.7285
6.7311
6.7337
6.7363
6.7389
6.7415
6.7441
6.7467
6.7493
6.7519
6.7545
6.7571
6.7597
6.7623
6.7649
6.7675
6.7701
6.7727
6.7753
6.7779
6.7805
6.7831
6.7857
6.7883
6.7909
6.7935
6.7961
6.7987
6.8013
6.8039
6.8065
6.8091
6.8117
6.8143
6.8169
6.8195
6.8221
6.8247
6.8273
6.8299
6.8325
6.8351
6.8377
6.8403
6.8429
6.8455
6.8481
6.8507
6.8533
6.8559
6.8585
6.8611
6.8637
6.8663
6.8689
6.8715
6.8741
6.8767
6.8793
6.8819
6.8845
6.8871
6.8897
6.8923
6.8949
6.8975
6.9001
6.9027
6.9053
6.9079
6.9105
6.9131
6.9157
6.9183
6.9209
6.9235
6.9261
6.9287
6.9313
6.9339
6.9365
6.9365
6.9391
6.9417
6.9443
6.9469
6.9495
6.9521
6.9547
6.9573
6.9599
6.9625
6.9651
6.9677
6.9703
6.9729
6.9755
6.9781
6.9807
6.9833
6.9859
6.9885
6.9911
6.9937
6.9963
6.9989
7.0015
7.0041
7.0067
7.0093
7.0119
7.0145
7.0171
7.0197
7.0223
7.0249
7.0275
7.0301
7.0327
7.0353
7.0379
7.0405
7.0431
7.0457
7.0483
7.0509
7.0535
7.0561
7.0587
7.0613
7.0639
7.0665
7.0691
7.0717
7.0743
7.0769
7.0795
7.0821
7.0847
7.0873
7.0899
7.0925
7.0951
7.0977
7.1003
7.1029
7.1055
7.1081
7.1107
7.1133
7.1159
7.1185
7.1211
7.1237
7.1263
7.1289
7.1315
7.1341
7.1367
7.1393
7.1419
7.1445
7.1471
7.1497
7.1523
7.1549
7.1575
7.1601
7.1627
7.1653
7.1679
7.1705
7.1731
7.1757
7.1783
7.1809
7.1835
7.1861
7.1887
7.1913
7.1939
7.1965
7.1965
7.1991
7.2017
7.2043
7.2069
7.2095
7.2121
7.2147
7.2173
7.2199
7.2225
7.2251
7.2277
7.2303
7.2329
7.2355
7.2381
7.2407
7.2433
7.2459
7.2485
7.2511
7.2537
7.2563
7.2589
7.2615
7.2641
7.2667
7.2693
7.2719
7.2745
7.2771
7.2797
7.2823
7.2849
7.2875
7.2901
7.2927
7.2953
7.2979
7.3005
7.3031
7.3057
7.3083
7.3109
7.3135
7.3161
7.3187
7.3213
7.3239
7.3265
7.3291
7.3317
7.3343
7.3369
7.3395
7.3421
7.3447
7.3473
7.3499
7.3525
7.3551
7.3577
7.3603
7.3629
7.3655
7.3681
7.3707
7.3733
7.3759
7.3785
7.3811
7.3837
7.3863
7.3889
7.3915
7.3941
7.3967
7.3993
7.4019
7.4045
7.4071
7.4097
7.4123
7.4149
7.4175
7.4201
7.4227
7.4253
7.4279
7.4305
7.4331
7.4357
7.4383
7.4409
7.4435
7.4461
7.4487
7.4513
7.4539
7.4565
7.4565
7.4591
7.4617
7.4643
7.4669
7.4695
7.4721
7.4747
7.4773
7.4799
7.4825
7.4851
7.4877
7.4903
7.4929
7.4955
7.4981
7.5007
7.5033
7.5059
7.5085
7.5111
7.5137
7.5163
7.5189
7.5215
7.5241
7.5267
7.5293
7.5319
7.5345
7.5371
7.5397
7.5423
7.5449
7.5475
7.5501
7.5527
7.5553
7.5579
7.5605
7.5631
7.5657
7.5683
7.5709
7.5735
7.5761
7.5787
7.5813
7.5839
7.5865
7.5891
7.5917
7.5943
7.5969
7.5995
7.6021
7.6047
7.6073
7.6099
7.6125
7.6151
7.6177
7.6203
7.6229
7.6255
7.6281
7.6307
7.6333
7.6359
7.6385
7.6411
7.6437
7.6463
7.6489
7.6515
7.6541
7.6567
7.6593
7.6619
7.6645
7.6671
7.6697
7.6723
7.6749
7.6775
7.6801
7.6827
7.6853
7.6879
7.6905
7.6931
7.6957
7.6983
7.7009
7.7035
7.7061
7.7087
7.7113
7.7139
7.7165
7.7165
7.7191
7.7217
7.7243
7.7269
7.7295
7.7321
7.7347
7.7373
7.7398
7.7424
7.7450
7.7475
7.7500
7.7526
7.7551
7.7576
7.7601
7.7625
7.7650
7.7674
7.7698
7.7722
7.7746
7.7770
7.7793
7.7817
7.7840
7.7863
7.7885
7.7907
7.7929
7.7951
7.7973
7.7994
7.8015
7.8036
7.8056
7.8076
7.8096
7.8115
7.8134
7.8153
7.8172
7.8190
7.8190
7.8208
7.8225
7.8243
7.8261
7.8279
7.8296
7.8314
7.8332
7.8350
7.8368
7.8385
7.8403
7.8421
7.8439
7.8456
7.8474
7.8492
7.8510
7.8527
7.8545
7.8563
7.8581
7.8599
7.8616
7.8634
7.8652
7.8670
7.8687
7.8705
7.8723
7.8741
7.8758
7.8776
7.8794
7.8812
7.8830
7.8847
7.8865
7.8883
7.8901
7.8918
7.8936
7.8954
7.8972
7.8989
7.9007
7.9025
7.9043
7.9061
7.9078
7.9096
7.9114
7.9132
7.9149
7.9167
7.9185
7.9203
7.9220
7.9238
7.9256
7.9274
7.9291
7.9309
7.9327
7.9345
7.9363
7.9380
7.9398
7.9416
7.9434
7.9451
7.9469
7.9487
7.9505
7.9522
7.9540
7.9558
7.9576
7.9594
7.9611
7.9629
7.9647
7.9665
7.9682
7.9700
7.9718
7.9736
7.9753
7.9771
7.9789
7.9807
7.9825
7.9842
7.9860
7.9878
7.9896
7.9913
7.9931
7.9949
7.9967
7.9967
7.9984
8.0002
8.0020
8.0038
8.0056
8.0073
8.0091
8.0109
8.0127
8.0144
8.0162
8.0180
8.0198
8.0215
8.0233
8.0251
8.0269
8.0287
8.0304
8.0322
8.0340
8.0358
8.0375
8.0393
8.0411
8.0429
8.0446
8.0464
8.0482
8.0500
8.0517
8.0535
8.0553
8.0571
8.0589
8.0606
8.0624
8.0642
8.0660
8.0677
8.0695
8.0713
8.0731
8.0748
8.0766
8.0784
8.0802
8.0820
8.0837
8.0855
8.0873
8.0891
8.0908
8.0926
8.0944
8.0962
8.0979
8.0997
8.1015
8.1033
8.1051
8.1068
8.1086
8.1104
8.1122
8.1139
8.1157
8.1175
8.1193
8.1210
8.1228
8.1246
8.1264
8.1282
8.1299
8.1317
8.1335
8.1353
8.1370
8.1388
8.1406
8.1424
8.1441
8.1459
8.1477
8.1495
8.1513
8.1530
8.1548
8.1566
8.1584
8.1601
8.1619
8.1637
8.1655
8.1672
8.1690
8.1708
8.1726
8.1743
8.1743
8.1761
8.1779
8.1798
8.1817
8.1836
8.1855
8.1875
8.1895
8.1915
8.1936
8.1957
8.1978
8.2000
8.2022
8.2044
8.2066
8.2089
8.2111
8.2134
8.2158
8.2181
8.2205
8.2229
8.2253
8.2277
8.2301
8.2326
8.2351
8.2375
8.2400
8.2426
8.2451
8.2476
8.2502
8.2527
8.2553
8.2578
8.2604
8.2630
8.2656
8.2682
8.2708
8.2734
8.2760
8.2760
8.2786
8.2812
8.2838
8.2864
8.2890
8.2916
8.2941
8.2967
8.2993
8.3019
8.3044
8.3070
8.3095
8.3120
8.3145
8.3170
8.3195
8.3220
8.3244
8.3269
8.3293
8.3317
8.3341
8.3365
8.3388
8.3411
8.3434
8.3457
8.3480
8.3502
8.3524
8.3546
8.3567
8.3589
8.3610
8.3630
8.3651
8.3671
8.3690
8.3710
8.3729
8.3748
8.3766
8.3784
8.3784
8.3802
8.3820
8.3839
8.3858
8.3877
8.3896
8.3916
8.3936
8.3956
8.3977
8.3998
8.4019
8.4041
8.4063
8.4085
8.4107
8.4130
8.4152
8.4175
8.4199
8.4222
8.4246
8.4270
8.4294
8.4318
8.4342
8.4367
8.4391
8.4416
8.4441
8.4466
8.4492
8.4517
8.4543
8.4568
8.4594
8.4619
8.4645
8.4671
8.4697
8.4723
8.4749
8.4775
8.4801
8.4801
8.4827
8.4853
8.4879
8.4905
8.4931
8.4957
8.4982
8.5008
8.5034
8.5060
8.5085
8.5111
8.5136
8.5161
8.5186
8.5211
8.5236
8.5261
8.5285
8.5310
8.5334
8.5358
8.5382
8.5406
8.5429
8.5452
8.5475
8.5498
8.5521
8.5543
8.5565
8.5587
8.5608
8.5630
8.5651
8.5671
8.5692
8.5712
8.5731
8.5751
8.5770
8.5789
8.5807
8.5825
8.5825
8.5843
8.5861
8.5879
8.5896
8.5914
8.5932
8.5950
8.5968
8.5985
8.6003
8.6021
8.6039
8.6056
8.6074
8.6092
8.6110
8.6127
8.6145
8.6163
8.6181
8.6199
8.6216
8.6234
8.6252
8.6270
8.6287
8.6305
8.6323
8.6341
8.6358
8.6376
8.6394
8.6412
8.6430
8.6447
8.6465
8.6483
8.6501
8.6518
8.6536
8.6554
8.6572
8.6589
8.6607
8.6625
8.6643
8.6660
8.6678
8.6696
8.6714
8.6732
8.6749
8.6767
8.6785
8.6803
8.6820
8.6838
8.6856
8.6874
8.6891
8.6909
8.6927
8.6945
8.6963
8.6980
8.6998
8.7016
8.7034
8.7051
8.7069
8.7087
8.7105
8.7122
8.7140
8.7158
8.7176
8.7194
8.7211
8.7229
8.7247
8.7265
8.7282
8.7300
8.7318
8.7336
8.7353
8.7371
8.7389
8.7407
8.7425
8.7442
8.7460
8.7478
8.7496
8.7513
8.7531
8.7549
8.7567
8.7584
8.7602
8.7602
8.7620
8.7638
8.7656
8.7673
8.7691
8.7709
8.7727
8.7744
8.7762
8.7780
8.7798
8.7815
8.7833
8.7851
8.7869
8.7886
8.7904
8.7922
8.7940
8.7958
8.7975
8.7993
8.8011
8.8029
8.8046
8.8064
8.8082
8.8100
8.8117
8.8135
8.8153
8.8171
8.8189
8.8206
8.8224
8.8242
8.8260
8.8277
8.8295
8.8313
8.8331
8.8348
8.8366
8.8384
8.8402
8.8420
8.8437
8.8455
8.8473
8.8491
8.8508
8.8526
8.8544
8.8562
8.8579
8.8597
8.8615
8.8633
8.8651
8.8668
8.8686
8.8704
8.8722
8.8739
8.8757
8.8775
8.8793
8.8810
8.8828
8.8846
8.8864
8.8882
8.8899
8.8917
8.8935
8.8953
8.8970
8.8988
8.9006
8.9024
8.9041
8.9059
8.9077
8.9095
8.9112
8.9130
8.9148
8.9166
8.9184
8.9201
8.9219
8.9237
8.9255
8.9272
8.9290
8.9308
8.9326
8.9343
8.9361
8.9379
8.9379
8.9397
8.9415
8.9432
8.9450
8.9468
8.9486
8.9503
8.9521
8.9539
8.9557
8.9574
8.9592
8.9610
8.9628
8.9646
8.9663
8.9681
8.9699
8.9717
8.9734
8.9752
8.9770
8.9788
8.9805
8.9823
8.9841
8.9859
8.9877
8.9894
8.9912
8.9930
8.9948
8.9965
8.9983
9.0001
9.0019
9.0036
9.0054
9.0072
9.0090
9.0108
9.0125
9.0143
9.0161
9.0179
9.0196
9.0214
9.0232
9.0250
9.0267
9.0285
9.0303
9.0321
9.0339
9.0356
9.0374
9.0392
9.0410
9.0427
9.0445
9.0463
9.0481
9.0498
9.0516
9.0534
9.0552
9.0569
9.0587
9.0605
9.0623
9.0641
9.0658
9.0676
9.0694
9.0712
9.0729
9.0747
9.0765
9.0783
9.0800
9.0818
9.0836
9.0854
9.0872
9.0889
9.0907
9.0925
9.0943
9.0960
9.0978
9.0996
9.1014
9.1031
9.1049
9.1067
9.1085
9.1103
9.1120
9.1138
9.1156
9.1156
9.1174
9.1191
9.1209
9.1227
9.1245
9.1262
9.1280
9.1298
9.1316
9.1334
9.1351
9.1369
9.1387
9.1405
9.1422
9.1440
9.1458
9.1476
9.1493
9.1511
9.1529
9.1547
9.1565
9.1582
9.1600
9.1618
9.1636
9.1653
9.1671
9.1689
9.1707
9.1724
9.1742
9.1760
9.1778
9.1795
9.1813
9.1831
9.1849
9.1867
9.1884
9.1902
9.1920
9.1938
9.1955
9.1973
9.1991
9.2009
9.2026
9.2044
9.2062
9.2080
9.2098
9.2115
9.2133
9.2151
9.2169
9.2186
9.2204
9.2222
9.2240
9.2257
9.2275
9.2293
9.2311
9.2329
9.2346
9.2364
9.2382
9.2400
9.2417
9.2435
9.2453
9.2471
9.2488
9.2506
9.2524
9.2542
9.2560
9.2577
9.2595
9.2613
9.2631
9.2648
9.2666
9.2684
9.2702
9.2719
9.2737
9.2755
9.2773
9.2791
9.2808
9.2826
9.2844
9.2862
9.2879
9.2897
9.2915
9.2933
9.2933
9.2950
9.2968
9.2986
9.3004
9.3021
9.3039
9.3057
9.3075
9.3093
9.3110
9.3128
9.3146
9.3164
9.3181
9.3199
9.3217
9.3235
9.3252
9.3270
9.3288
9.3306
9.3324
9.3341
9.3359
9.3377
9.3395
9.3412
9.3430
9.3448
9.3466
9.3483
9.3501
9.3519
9.3537
9.3555
9.3572
9.3590
9.3608
9.3626
9.3643
9.3661
9.3679
9.3697
9.3714
9.3732
9.3750
9.3768
9.3786
9.3803
9.3821
9.3839
9.3857
9.3874
9.3892
9.3910
9.3928
9.3945
9.3963
9.3981
9.3999
9.4017
9.4034
9.4052
9.4070
9.4088
9.4105
9.4123
9.4141
9.4159
9.4176
9.4194
9.4212
9.4230
9.4247
9.4265
9.4283
9.4301
9.4319
9.4336
9.4354
9.4372
9.4390
9.4407
9.4425
9.4443
9.4461
9.4478
9.4496
9.4514
9.4532
9.4550
9.4567
9.4585
9.4603
9.4621
9.4638
9.4656
9.4674
9.4692
9.4709
9.4709
9.4727
9.4745
9.4762
9.4778
9.4795
9.4811
9.4826
9.4841
9.4856
9.4870
9.4884
9.4898
9.4911
9.4924
9.4936
9.4948
9.4959
9.4970
9.4981
9.4991
9.5001
9.5010
9.5019
9.5027
9.5035
9.5042
9.5049
9.5055
9.5061
9.5067
9.5072
9.5076
9.5080
9.5084
9.5087
9.5090
9.5092
9.5094
9.5095
9.5096
9.5096
9.5095
9.5095
9.5093
9.5093
9.5092
9.5090
9.5087
9.5084
9.5080
9.5076
9.5071
9.5066
9.5061
9.5055
9.5048
9.5041
9.5034
9.5026
9.5018
9.5009
9.5000
9.4990
9.4980
9.4969
9.4958
9.4947
9.4935
9.4923
9.4910
9.4897
9.4883
9.4869
9.4855
9.4840
9.4825
9.4809
9.4793
9.4777
9.4760
9.4743
9.4726
9.4708
9.4690
9.4671
9.4652
9.4633
9.4614
9.4594
9.4594
9.4574
9.4554
9.4534
9.4515
9.4496
9.4478
9.4460
9.4442
9.4425
9.4407
9.4391
9.4374
9.4358
9.4343
9.4328
9.4313
9.4298
9.4284
9.4271
9.4258
9.4245
9.4233
9.4221
9.4209
9.4198
9.4188
9.4177
9.4168
9.4159
9.4150
9.4141
9.4134
9.4126
9.4119
9.4113
9.4107
9.4101
9.4096
9.4091
9.4087
9.4084
9.4081
9.4078
9.4076
9.4076
9.4074
9.4072
9.4069
9.4066
9.4062
9.4058
9.4054
9.4049
9.4043
9.4037
9.4030
9.4024
9.4016
9.4008
9.4000
9.3991
9.3982
9.3972
9.3962
9.3951
9.3940
9.3929
9.3917
9.3905
9.3892
9.3879
9.3865
9.3851
9.3837
9.3822
9.3807
9.3791
9.3775
9.3759
9.3742
9.3725
9.3708
9.3690
9.3672
9.3653
9.3634
9.3615
9.3596
9.3576
9.3576
9.3556
9.3536
9.3517
9.3497
9.3479
9.3460
9.3442
9.3424
9.3407
9.3390
9.3373
9.3357
9.3341
9.3325
9.3310
9.3295
9.3281
9.3267
9.3253
9.3240
9.3227
9.3215
9.3203
9.3191
9.3180
9.3170
9.3160
9.3150
9.3141
9.3132
9.3124
9.3116
9.3108
9.3101
9.3095
9.3089
9.3083
9.3078
9.3074
9.3070
9.3066
9.3063
9.3060
9.3058
9.3058
9.3056
9.3054
9.3053
9.3051
9.3049
9.3048
9.3046
9.3044
9.3042
9.3041
9.3039
9.3037
9.3036
9.3034
9.3032
9.3030
9.3029
9.3027
9.3025
9.3024
9.3022
9.3020
9.3018
9.3017
9.3015
9.3013
9.3012
9.3010
9.3008
9.3006
9.3005
9.3003
9.3001
9.3000
9.2998
9.2996
9.2994
9.2993
9.2991
9.2989
9.2988
9.2986
9.2984
9.2982
9.2981
9.2979
9.2977
9.2976
9.2974
9.2972
9.2970
9.2969
9.2967
9.2965
9.2964
9.2962
9.2960
9.2958
9.2957
9.2955
9.2953
9.2952
9.2950
9.2948
9.2946
9.2945
9.2943
9.2941
9.2940
9.2938
9.2936
9.2934
9.2933
9.2931
9.2929
9.2928
9.2926
9.2924
9.2922
9.2921
9.2919
9.2917
9.2916
9.2914
9.2912
9.2910
9.2909
9.2907
9.2905
9.2904
9.2902
9.2900
9.2898
9.2897
9.2895
9.2893
9.2892
9.2890
9.2888
9.2886
9.2886
9.2885
9.2883
9.2883
9.2882
9.2883
9.2883
9.2885
9.2886
9.2888
9.2891
9.2894
9.2898
9.2902
9.2906
9.2911
9.2917
9.2923
9.2929
9.2936
9.2944
9.2951
9.2960
9.2968
9.2978
9.2987
9.2997
9.3008
9.3019
9.3030
9.3042
9.3054
9.3067
9.3080
9.3094
9.3108
9.3122
9.3137
9.3152
9.3168
9.3183
9.3200
9.3216
9.3234
9.3251
9.3251
9.3269
9.3286
9.3303
9.3320
9.3336
9.3352
9.3368
9.3383
9.3398
9.3412
9.3426
9.3439
9.3453
9.3465
9.3478
9.3489
9.3501
9.3512
9.3522
9.3532
9.3542
9.3551
9.3560
9.3568
9.3576
9.3584
9.3590
9.3597
9.3603
9.3608
9.3613
9.3618
9.3622
9.3626
9.3629
9.3631
9.3633
9.3635
9.3636
9.3637
9.3637
9.3637
9.3636
9.3635
9.3635
9.3633
9.3631
9.3628
9.3625
9.3622
9.3617
9.3613
9.3608
9.3602
9.3596
9.3590
9.3583
9.3575
9.3568
9.3559
9.3550
9.3541
9.3531
9.3521
9.3511
9.3500
9.3488
9.3476
9.3464
9.3451
9.3438
9.3425
9.3411
9.3396
9.3381
9.3366
9.3351
9.3335
9.3318
9.3302
9.3284
9.3267
9.3249
9.3231
9.3213
9.3194
9.3175
9.3155
9.3135
9.3135
9.3115
9.3095
9.3075
9.3055
9.3035
9.3015
9.2994
9.2974
9.2954
9.2934
9.2914
9.2894
9.2874
9.2854
9.2834
9.2813
9.2793
9.2773
9.2753
9.2733
9.2713
9.2693
9.2673
9.2653
9.2632
9.2612
9.2592
9.2572
9.2552
9.2532
9.2512
9.2492
9.2472
9.2451
9.2431
9.2411
9.2391
9.2371
9.2351
9.2331
9.2311
9.2291
9.2270
9.2250
9.2230
9.2210
9.2190
9.2170
9.2150
9.2130
9.2110
9.2089
9.2069
9.2049
9.2029
9.2009
9.1989
9.1969
9.1949
9.1929
9.1908
9.1888
9.1868
9.1848
9.1828
9.1808
9.1788
9.1768
9.1748
9.1727
9.1707
9.1687
9.1667
9.1647
9.1627
9.1607
9.1587
9.1567
9.1546
9.1526
9.1506
9.1486
9.1466
9.1446
9.1426
9.1406
9.1386
9.1365
9.1345
9.1325
9.1305
9.1285
9.1265
9.1245
9.1225
9.1205
9.1184
9.1164
9.1144
9.1124
9.1124
9.1104
9.1084
9.1063
9.1042
9.1021
9.0999
9.0977
9.0955
9.0933
9.0910
9.0887
9.0864
9.0841
9.0818
9.0794
9.0770
9.0746
9.0722
9.0697
9.0673
9.0648
9.0623
9.0598
9.0573
9.0548
9.0522
9.0497
9.0471
9.0446
9.0420
9.0394
9.0368
9.0343
9.0317
9.0291
9.0265
9.0239
9.0213
9.0187
9.0161
9.0135
9.0109
9.0083
9.0057
9.0057
9.0055
9.0054
9.0052
9.0051
9.0049
9.0048
9.0046
9.0044
9.0043
9.0041
9.0040
9.0038
9.0036
9.0035
9.0033
9.0032
9.0030
9.0028
9.0027
9.0025
9.0024
9.0022
9.0020
9.0019
9.0017
9.0016
9.0014
9.0013
9.0011
9.0009
9.0008
9.0006
9.0005
9.0003
9.0001
9.0000
