1.0000
1.0000
1.0000
1.0001
1.0003
1.0005
1.0007
1.0010
1.0014
1.0017
1.0022
1.0027
1.0032
1.0038
1.0044
1.0050
1.0058
1.0065
1.0073
1.0082
1.0091
1.0100
1.0110
1.0121
1.0131
1.0143
1.0154
1.0166
1.0179
1.0192
1.0205
1.0219
1.0233
1.0248
1.0263
1.0278
1.0294
1.0310
1.0326
1.0343
1.0361
1.0378
1.0396
1.0414
1.0433
1.0433
1.0452
1.0471
1.0490
1.0509
1.0528
1.0547
1.0566
1.0585
1.0604
1.0623
1.0642
1.0661
1.0680
1.0699
1.0718
1.0737
1.0756
1.0775
1.0794
1.0813
1.0832
1.0851
1.0870
1.0889
1.0908
1.0927
1.0946
1.0965
1.0984
1.1003
1.1021
1.1040
1.1059
1.1078
1.1097
1.1116
1.1135
1.1154
1.1173
1.1192
1.1211
1.1230
1.1249
1.1268
1.1287
1.1306
1.1325
1.1344
1.1363
1.1382
1.1401
1.1420
1.1439
1.1458
1.1477
1.1496
1.1515
1.1534
1.1553
1.1572
1.1591
1.1610
1.1629
1.1648
1.1667
1.1686
1.1705
1.1724
1.1743
1.1762
1.1781
1.1800
1.1819
1.1838
1.1857
1.1876
1.1895
1.1914
1.1933
1.1952
1.1971
1.1990
1.2009
1.2028
1.2046
1.2065
1.2084
1.2103
1.2122
1.2141
1.2160
1.2179
1.2198
1.2217
1.2236
1.2255
1.2274
1.2293
1.2312
1.2331
1.2331
1.2350
1.2369
1.2388
1.2407
1.2426
1.2445
1.2464
1.2483
1.2502
1.2521
1.2540
1.2559
1.2578
1.2597
1.2616
1.2635
1.2654
1.2673
1.2692
1.2711
1.2730
1.2749
1.2768
1.2787
1.2806
1.2825
1.2844
1.2863
1.2882
1.2901
1.2920
1.2939
1.2958
1.2977
1.2996
1.3015
1.3034
1.3053
1.3071
1.3090
1.3109
1.3128
1.3147
1.3166
1.3185
1.3204
1.3223
1.3242
1.3261
1.3280
1.3299
1.3318
1.3337
1.3356
1.3375
1.3394
1.3413
1.3432
1.3451
1.3470
1.3489
1.3508
1.3527
1.3546
1.3565
1.3584
1.3603
1.3622
1.3641
1.3660
1.3679
1.3698
1.3717
1.3736
1.3755
1.3774
1.3793
1.3812
1.3831
1.3850
1.3869
1.3888
1.3907
1.3926
1.3945
1.3964
1.3983
1.4002
1.4021
1.4040
1.4059
1.4077
1.4096
1.4115
1.4134
1.4153
1.4172
1.4191
1.4210
1.4229
1.4229
1.4248
1.4267
1.4286
1.4305
1.4324
1.4343
1.4362
1.4381
1.4400
1.4419
1.4438
1.4457
1.4476
1.4495
1.4514
1.4533
1.4552
1.4571
1.4590
1.4609
1.4628
1.4647
1.4666
1.4685
1.4704
1.4723
1.4742
1.4761
1.4780
1.4799
1.4818
1.4837
1.4856
1.4875
1.4894
1.4913
1.4932
1.4951
1.4970
1.4989
1.5008
1.5027
1.5046
1.5065
1.5084
1.5102
1.5121
1.5140
1.5159
1.5178
1.5197
1.5216
1.5235
1.5254
1.5273
1.5292
1.5311
1.5330
1.5349
1.5368
1.5387
1.5406
1.5425
1.5444
1.5463
1.5482
1.5501
1.5520
1.5539
1.5558
1.5577
1.5596
1.5615
1.5634
1.5653
1.5672
1.5691
1.5710
1.5729
1.5748
1.5767
1.5786
1.5805
1.5824
1.5843
1.5862
1.5881
1.5900
1.5919
1.5938
1.5957
1.5976
1.5995
1.6014
1.6033
1.6052
1.6071
1.6090
1.6109
1.6127
1.6127
1.6146
1.6166
1.6185
1.6205
1.6226
1.6246
1.6267
1.6288
1.6310
1.6331
1.6353
1.6375
1.6398
1.6420
1.6443
1.6467
1.6490
1.6513
1.6537
1.6561
1.6585
1.6610
1.6634
1.6659
1.6684
1.6708
1.6734
1.6759
1.6784
1.6809
1.6835
1.6861
1.6886
1.6912
1.6938
1.6964
1.6990
1.7016
1.7041
1.7067
1.7093
1.7119
1.7145
1.7171
1.7171
1.7197
1.7223
1.7249
1.7275
1.7301
1.7326
1.7352
1.7377
1.7403
1.7428
1.7453
1.7478
1.7503
1.7528
1.7553
1.7577
1.7601
1.7626
1.7650
1.7673
1.7697
1.7720
1.7743
1.7766
1.7789
1.7811
1.7833
1.7855
1.7877
1.7898
1.7919
1.7940
1.7961
1.7981
1.8001
1.8021
1.8040
1.8059
1.8077
1.8096
1.8114
1.8131
1.8148
1.8165
1.8165
1.8182
1.8198
1.8215
1.8231
1.8248
1.8264
1.8281
1.8297
1.8314
1.8330
1.8346
1.8363
1.8379
1.8396
1.8412
1.8429
1.8445
1.8462
1.8478
1.8495
1.8511
1.8528
1.8544
1.8561
1.8577
1.8594
1.8610
1.8627
1.8643
1.8660
1.8676
1.8693
1.8709
1.8725
1.8742
1.8758
1.8775
1.8791
1.8808
1.8824
1.8841
1.8857
1.8874
1.8890
1.8907
1.8923
1.8940
1.8956
1.8973
1.8989
1.9006
1.9022
1.9039
1.9055
1.9072
1.9088
1.9104
1.9121
1.9137
1.9154
1.9170
1.9187
1.9203
1.9220
1.9236
1.9253
1.9269
1.9286
1.9302
1.9319
1.9335
1.9352
1.9368
1.9385
1.9401
1.9418
1.9434
1.9450
1.9467
1.9483
1.9500
1.9516
1.9533
1.9549
1.9566
1.9582
1.9599
1.9615
1.9632
1.9648
1.9665
1.9681
1.9698
1.9714
1.9731
1.9747
1.9764
1.9780
1.9797
1.9813
1.9813
1.9829
1.9846
1.9861
1.9877
1.9892
1.9906
1.9920
1.9934
1.9947
1.9960
1.9973
1.9985
1.9996
2.0007
2.0018
2.0029
2.0038
2.0048
2.0057
2.0065
2.0073
2.0081
2.0088
2.0095
2.0101
2.0107
2.0112
2.0117
2.0121
2.0125
2.0128
2.0131
2.0133
2.0135
2.0136
2.0137
2.0138
2.0138
2.0137
2.0136
2.0135
2.0133
2.0130
2.0127
2.0127
2.0124
2.0121
2.0119
2.0117
2.0115
2.0114
2.0113
2.0113
2.0114
2.0115
2.0116
2.0118
2.0120
2.0123
2.0127
2.0130
2.0135
2.0139
2.0145
2.0150
2.0157
2.0163
2.0170
2.0178
2.0186
2.0194
2.0203
2.0213
2.0223
2.0233
2.0244
2.0255
2.0267
2.0279
2.0291
2.0304
2.0317
2.0331
2.0345
2.0360
2.0375
2.0390
2.0406
2.0422
2.0422
2.0438
2.0455
2.0472
2.0490
2.0508
2.0526
2.0545
2.0564
2.0583
2.0603
2.0622
2.0643
2.0663
2.0684
2.0705
2.0726
2.0748
2.0770
2.0792
2.0815
2.0837
2.0860
2.0883
2.0907
2.0930
2.0954
2.0978
2.1002
2.1026
2.1051
2.1075
2.1100
2.1125
2.1150
2.1175
2.1201
2.1226
2.1252
2.1277
2.1303
2.1329
2.1354
2.1380
2.1406
2.1406
2.1432
2.1458
2.1484
2.1510
2.1536
2.1562
2.1588
2.1614
2.1640
2.1666
2.1691
2.1717
2.1743
2.1769
2.1795
2.1821
2.1847
2.1873
2.1899
2.1925
2.1951
2.1977
2.2003
2.2029
2.2055
2.2081
2.2107
2.2133
2.2158
2.2184
2.2210
2.2236
2.2262
2.2288
2.2314
2.2340
2.2366
2.2392
2.2418
2.2444
2.2470
2.2496
2.2522
2.2548
2.2574
2.2600
2.2625
2.2651
2.2677
2.2703
2.2729
2.2755
2.2781
2.2807
2.2833
2.2859
2.2885
2.2911
2.2937
2.2963
2.2989
2.3015
2.3041
2.3066
2.3092
2.3118
2.3144
2.3170
2.3196
2.3222
2.3248
2.3274
2.3300
2.3326
2.3352
2.3378
2.3404
2.3430
2.3456
2.3482
2.3508
2.3533
2.3559
2.3585
2.3611
2.3637
2.3663
2.3689
2.3715
2.3741
2.3767
2.3793
2.3819
2.3845
2.3871
2.3897
2.3923
2.3949
2.3975
2.4000
2.4000
2.4026
2.4052
2.4078
2.4104
2.4130
2.4156
2.4182
2.4208
2.4234
2.4260
2.4286
2.4312
2.4338
2.4364
2.4390
2.4416
2.4441
2.4467
2.4493
2.4519
2.4545
2.4571
2.4597
2.4623
2.4649
2.4675
2.4701
2.4727
2.4753
2.4779
2.4805
2.4831
2.4857
2.4883
2.4908
2.4934
2.4960
2.4986
2.5012
2.5038
2.5064
2.5090
2.5116
2.5142
2.5168
2.5194
2.5220
2.5246
2.5272
2.5298
2.5324
2.5350
2.5375
2.5401
2.5427
2.5453
2.5479
2.5505
2.5531
2.5557
2.5583
2.5609
2.5635
2.5661
2.5687
2.5713
2.5739
2.5765
2.5791
2.5816
2.5842
2.5868
2.5894
2.5920
2.5946
2.5972
2.5998
2.6024
2.6050
2.6076
2.6102
2.6128
2.6154
2.6180
2.6206
2.6232
2.6258
2.6283
2.6309
2.6335
2.6361
2.6387
2.6413
2.6439
2.6465
2.6491
2.6517
2.6543
2.6569
2.6595
2.6595
2.6621
2.6647
2.6673
2.6699
2.6725
2.6750
2.6776
2.6802
2.6828
2.6854
2.6880
2.6906
2.6932
2.6958
2.6984
2.7010
2.7036
2.7062
2.7088
2.7114
2.7140
2.7166
2.7191
2.7217
2.7243
2.7269
2.7295
2.7321
2.7347
2.7373
2.7399
2.7425
2.7451
2.7477
2.7503
2.7529
2.7555
2.7581
2.7607
2.7633
2.7658
2.7684
2.7710
2.7736
2.7762
2.7788
2.7814
2.7840
2.7866
2.7892
2.7918
2.7944
2.7970
2.7996
2.8022
2.8048
2.8074
2.8100
2.8125
2.8151
2.8177
2.8203
2.8229
2.8255
2.8281
2.8307
2.8333
2.8359
2.8385
2.8411
2.8437
2.8463
2.8489
2.8515
2.8541
2.8566
2.8592
2.8618
2.8644
2.8670
2.8696
2.8722
2.8748
2.8774
2.8800
2.8826
2.8852
2.8878
2.8904
2.8930
2.8956
2.8982
2.9008
2.9033
2.9059
2.9085
2.9111
2.9137
2.9163
2.9189
2.9189
2.9215
2.9241
2.9267
2.9293
2.9319
2.9345
2.9371
2.9397
2.9423
2.9449
2.9475
2.9500
2.9526
2.9552
2.9578
2.9604
2.9630
2.9656
2.9682
2.9708
2.9734
2.9760
2.9786
2.9812
2.9838
2.9864
2.9890
2.9916
2.9941
2.9967
2.9993
3.0019
3.0045
3.0071
3.0097
3.0123
3.0149
3.0175
3.0201
3.0227
3.0253
3.0279
3.0305
3.0331
3.0357
3.0383
3.0408
3.0434
3.0460
3.0486
3.0512
3.0538
3.0564
3.0590
3.0616
3.0642
3.0668
3.0694
3.0720
3.0746
3.0772
3.0798
3.0824
3.0850
3.0875
3.0901
3.0927
3.0953
3.0979
3.1005
3.1031
3.1057
3.1083
3.1109
3.1135
3.1161
3.1187
3.1213
3.1239
3.1265
3.1291
3.1316
3.1342
3.1368
3.1394
3.1420
3.1446
3.1472
3.1498
3.1524
3.1550
3.1576
3.1602
3.1628
3.1654
3.1680
3.1706
3.1732
3.1758
3.1783
3.1783
3.1809
3.1835
3.1861
3.1887
3.1913
3.1939
3.1965
3.1991
3.2017
3.2043
3.2069
3.2095
3.2121
3.2147
3.2173
3.2199
3.2224
3.2250
3.2276
3.2302
3.2328
3.2354
3.2380
3.2406
3.2432
3.2458
3.2484
3.2510
3.2536
3.2562
3.2588
3.2614
3.2640
3.2666
3.2691
3.2717
3.2743
3.2769
3.2795
3.2821
3.2847
3.2873
3.2899
3.2925
3.2951
3.2977
3.3003
3.3029
3.3055
3.3081
3.3107
3.3133
3.3158
3.3184
3.3210
3.3236
3.3262
3.3288
3.3314
3.3340
3.3366
3.3392
3.3418
3.3444
3.3470
3.3496
3.3522
3.3548
3.3574
3.3599
3.3625
3.3651
3.3677
3.3703
3.3729
3.3755
3.3781
3.3807
3.3833
3.3859
3.3885
3.3911
3.3937
3.3963
3.3989
3.4015
3.4041
3.4066
3.4092
3.4118
3.4144
3.4170
3.4196
3.4222
3.4248
3.4274
3.4300
3.4326
3.4352
3.4378
3.4378
3.4404
3.4430
3.4456
3.4481
3.4507
3.4533
3.4558
3.4584
3.4609
3.4635
3.4660
3.4685
3.4710
3.4734
3.4759
3.4784
3.4808
3.4832
3.4856
3.4880
3.4903
3.4927
3.4950
3.4973
3.4995
3.5018
3.5040
3.5062
3.5083
3.5105
3.5126
3.5147
3.5167
3.5187
3.5207
3.5227
3.5246
3.5265
3.5284
3.5302
3.5320
3.5338
3.5355
3.5372
3.5372
3.5388
3.5405
3.5422
3.5440
3.5458
3.5476
3.5495
3.5513
3.5533
3.5552
3.5572
3.5592
3.5613
3.5634
3.5655
3.5676
3.5698
3.5720
3.5742
3.5764
3.5787
3.5810
3.5833
3.5856
3.5880
3.5904
3.5928
3.5952
3.5976
3.6001
3.6025
3.6050
3.6075
3.6100
3.6125
3.6150
3.6176
3.6201
3.6227
3.6253
3.6278
3.6304
3.6330
3.6356
3.6356
3.6382
3.6408
3.6434
3.6460
3.6486
3.6512
3.6538
3.6563
3.6589
3.6615
3.6641
3.6667
3.6693
3.6719
3.6745
3.6771
3.6797
3.6823
3.6849
3.6875
3.6901
3.6927
3.6953
3.6979
3.7005
3.7030
3.7056
3.7082
3.7108
3.7134
3.7160
3.7186
3.7212
3.7238
3.7264
3.7290
3.7316
3.7342
3.7368
3.7394
3.7420
3.7446
3.7471
3.7497
3.7523
3.7549
3.7575
3.7601
3.7627
3.7653
3.7679
3.7705
3.7731
3.7757
3.7783
3.7809
3.7835
3.7861
3.7887
3.7913
3.7938
3.7964
3.7990
3.8016
3.8042
3.8068
3.8094
3.8120
3.8146
3.8172
3.8198
3.8224
3.8250
3.8276
3.8302
3.8328
3.8354
3.8380
3.8405
3.8431
3.8457
3.8483
3.8509
3.8535
3.8561
3.8587
3.8613
3.8639
3.8665
3.8691
3.8717
3.8743
3.8769
3.8795
3.8821
3.8846
3.8872
3.8898
3.8924
3.8950
3.8950
3.8976
3.9002
3.9028
3.9054
3.9080
3.9106
3.9132
3.9158
3.9184
3.9210
3.9236
3.9262
3.9288
3.9313
3.9339
3.9365
3.9391
3.9417
3.9443
3.9469
3.9495
3.9521
3.9547
3.9573
3.9599
3.9625
3.9651
3.9677
3.9703
3.9729
3.9755
3.9780
3.9806
3.9832
3.9858
3.9884
3.9910
3.9936
3.9962
3.9988
4.0014
4.0040
4.0066
4.0092
4.0118
4.0144
4.0170
4.0196
4.0221
4.0247
4.0273
4.0299
4.0325
4.0351
4.0377
4.0403
4.0429
4.0455
4.0481
4.0507
4.0533
4.0559
4.0585
4.0611
4.0637
4.0663
4.0688
4.0714
4.0740
4.0766
4.0792
4.0818
4.0844
4.0870
4.0896
4.0922
4.0948
4.0974
4.1000
4.1026
4.1052
4.1078
4.1104
4.1130
4.1155
4.1181
4.1207
4.1233
4.1259
4.1285
4.1311
4.1337
4.1363
4.1389
4.1415
4.1441
4.1467
4.1493
4.1519
4.1545
4.1545
4.1571
4.1597
4.1623
4.1649
4.1675
4.1700
4.1726
4.1752
4.1778
4.1804
4.1830
4.1856
4.1881
4.1907
4.1933
4.1958
4.1983
4.2008
4.2034
4.2058
4.2083
4.2108
4.2132
4.2157
4.2181
4.2205
4.2229
4.2252
4.2275
4.2299
4.2322
4.2344
4.2367
4.2389
4.2411
4.2432
4.2454
4.2475
4.2496
4.2516
4.2537
4.2557
4.2576
4.2596
4.2596
4.2615
4.2633
4.2652
4.2671
4.2690
4.2709
4.2728
4.2747
4.2766
4.2785
4.2804
4.2823
4.2842
4.2861
4.2880
4.2899
4.2918
4.2937
4.2956
4.2975
4.2994
4.3013
4.3032
4.3051
4.3070
4.3089
4.3108
4.3127
4.3146
4.3165
4.3184
4.3203
4.3222
4.3241
4.3260
4.3279
4.3298
4.3317
4.3336
4.3355
4.3374
4.3393
4.3412
4.3431
4.3450
4.3469
4.3488
4.3507
4.3526
4.3545
4.3564
4.3583
4.3602
4.3621
4.3640
4.3658
4.3677
4.3696
4.3715
4.3734
4.3753
4.3772
4.3791
4.3810
4.3829
4.3848
4.3867
4.3886
4.3905
4.3924
4.3943
4.3962
4.3981
4.4000
4.4019
4.4038
4.4057
4.4076
4.4095
4.4114
4.4133
4.4152
4.4171
4.4190
4.4209
4.4228
4.4247
4.4266
4.4285
4.4304
4.4323
4.4342
4.4361
4.4380
4.4399
4.4418
4.4437
4.4456
4.4475
4.4494
4.4494
4.4513
4.4532
4.4551
4.4570
4.4589
4.4608
4.4627
4.4646
4.4665
4.4683
4.4702
4.4721
4.4740
4.4759
4.4778
4.4797
4.4816
4.4835
4.4854
4.4873
4.4892
4.4911
4.4930
4.4949
4.4968
4.4987
4.5006
4.5025
4.5044
4.5063
4.5082
4.5101
4.5120
4.5139
4.5158
4.5177
4.5196
4.5215
4.5234
4.5253
4.5272
4.5291
4.5310
4.5329
4.5348
4.5367
4.5386
4.5405
4.5424
4.5443
4.5462
4.5481
4.5500
4.5519
4.5538
4.5557
4.5576
4.5595
4.5614
4.5633
4.5652
4.5671
4.5689
4.5708
4.5727
4.5746
4.5765
4.5784
4.5803
4.5822
4.5841
4.5860
4.5879
4.5898
4.5917
4.5936
4.5955
4.5974
4.5993
4.6012
4.6031
4.6050
4.6069
4.6088
4.6107
4.6126
4.6145
4.6164
4.6183
4.6202
4.6221
4.6240
4.6259
4.6278
4.6297
4.6316
4.6335
4.6354
4.6373
4.6392
4.6392
4.6411
4.6429
4.6448
4.6466
4.6483
4.6501
4.6517
4.6534
4.6550
4.6566
4.6581
4.6596
4.6611
4.6625
4.6639
4.6652
4.6665
4.6678
4.6690
4.6701
4.6712
4.6723
4.6734
4.6744
4.6753
4.6762
4.6771
4.6779
4.6786
4.6793
4.6800
4.6806
4.6812
4.6817
4.6822
4.6826
4.6830
4.6834
4.6837
4.6839
4.6841
4.6842
4.6843
4.6844
4.6844
4.6844
4.6844
4.6844
4.6844
4.6844
4.6844
4.6844
4.6844
4.6844
4.6844
4.6844
4.6844
4.6844
4.6844
4.6844
4.6844
4.6844
4.6844
4.6844
4.6844
4.6844
4.6844
4.6844
4.6844
4.6844
4.6844
4.6844
4.6844
4.6844
4.6844
4.6844
4.6844
4.6844
4.6844
4.6844
4.6844
4.6844
4.6844
4.6844
4.6844
4.6844
4.6844
4.6844
4.6844
4.6844
4.6844
4.6844
4.6844
4.6844
4.6844
4.6844
4.6844
4.6844
4.6844
4.6844
4.6844
4.6844
4.6844
4.6844
4.6844
4.6844
4.6844
4.6844
4.6844
4.6844
4.6844
4.6844
4.6844
4.6844
4.6844
4.6844
4.6844
4.6844
4.6844
4.6844
4.6844
4.6844
4.6844
4.6844
4.6844
4.6844
4.6844
4.6844
4.6844
4.6844
4.6844
4.6844
4.6844
4.6844
4.6844
4.6844
4.6844
4.6844
4.6844
4.6844
4.6844
4.6844
4.6844
4.6844
4.6844
4.6844
4.6844
4.6844
4.6844
4.6844
4.6844
4.6844
4.6844
4.6844
4.6844
4.6844
4.6844
4.6844
4.6844
4.6844
4.6844
4.6844
4.6844
4.6844
4.6844
4.6844
4.6844
4.6844
4.6844
4.6844
4.6844
4.6844
4.6844
4.6844
4.6844
4.6844
4.6844
4.6844
4.6844
4.6844
4.6844
4.6844
4.6844
4.6844
4.6844
4.6844
4.6844
4.6844
4.6844
4.6844
4.6844
4.6844
4.6844
4.6844
4.6844
4.6844
4.6844
4.6844
4.6844
4.6844
4.6844
4.6844
4.6844
4.6844
4.6844
4.6844
4.6844
4.6844
4.6844
4.6844
4.6844
4.6844
4.6844
4.6844
4.6844
4.6844
4.6844
4.6844
4.6844
4.6844
4.6844
4.6844
4.6844
4.6844
4.6844
4.6844
4.6844
4.6844
4.6844
4.6844
4.6844
4.6844
4.6844
4.6844
4.6844
4.6844
4.6844
4.6844
4.6844
4.6844
4.6844
4.6844
4.6844
4.6844
4.6844
4.6844
4.6844
4.6844
4.6844
4.6845
4.6847
4.6849
4.6851
4.6854
4.6857
4.6861
4.6866
4.6870
4.6876
4.6881
4.6888
4.6894
4.6901
4.6909
4.6917
4.6926
4.6935
4.6944
4.6954
4.6964
4.6975
4.6986
4.6998
4.7010
4.7023
4.7036
4.7049
4.7063
4.7077
4.7092
4.7106
4.7122
4.7138
4.7154
4.7170
4.7187
4.7204
4.7222
4.7240
4.7258
4.7277
4.7277
4.7296
4.7315
4.7334
4.7353
4.7372
4.7391
4.7410
4.7429
4.7448
4.7467
4.7486
4.7505
4.7524
4.7543
4.7562
4.7581
4.7600
4.7619
4.7638
4.7657
4.7676
4.7695
4.7713
4.7732
4.7751
4.7770
4.7789
4.7808
4.7827
4.7846
4.7865
4.7884
4.7903
4.7922
4.7941
4.7960
4.7979
4.7998
4.8017
4.8036
4.8055
4.8074
4.8093
4.8112
4.8131
4.8150
4.8169
4.8188
4.8207
4.8226
4.8245
4.8264
4.8283
4.8302
4.8321
4.8340
4.8359
4.8378
4.8397
4.8416
4.8435
4.8454
4.8473
4.8492
4.8511
4.8530
4.8549
4.8568
4.8587
4.8606
4.8625
4.8644
4.8663
4.8682
4.8701
4.8720
4.8738
4.8757
4.8776
4.8795
4.8814
4.8833
4.8852
4.8871
4.8890
4.8909
4.8928
4.8947
4.8966
4.8985
4.9004
4.9023
4.9042
4.9061
4.9080
4.9099
4.9118
4.9137
4.9156
4.9175
4.9175
4.9194
4.9213
4.9232
4.9251
4.9270
4.9289
4.9308
4.9327
4.9346
4.9365
4.9384
4.9403
4.9422
4.9441
4.9460
4.9479
4.9498
4.9517
4.9536
4.9555
4.9574
4.9593
4.9612
4.9631
4.9650
4.9669
4.9688
4.9707
4.9726
4.9745
4.9763
4.9782
4.9801
4.9820
4.9839
4.9858
4.9877
4.9896
4.9915
4.9934
4.9953
4.9972
4.9991
5.0010
5.0029
5.0048
5.0067
5.0086
5.0105
5.0124
5.0143
5.0162
5.0181
5.0200
5.0219
5.0238
5.0257
5.0276
5.0295
5.0314
5.0333
5.0352
5.0371
5.0390
5.0409
5.0428
5.0447
5.0466
5.0485
5.0504
5.0523
5.0542
5.0561
5.0580
5.0599
5.0618
5.0637
5.0656
5.0675
5.0694
5.0713
5.0732
5.0751
5.0770
5.0788
5.0807
5.0826
5.0845
5.0864
5.0883
5.0902
5.0921
5.0940
5.0959
5.0978
5.0997
5.1016
5.1035
5.1054
5.1073
5.1073
5.1092
5.1111
5.1131
5.1151
5.1171
5.1192
5.1213
5.1234
5.1255
5.1277
5.1299
5.1321
5.1343
5.1366
5.1389
5.1412
5.1436
5.1459
5.1483
5.1507
5.1531
5.1555
5.1580
5.1604
5.1629
5.1654
5.1679
5.1704
5.1730
5.1755
5.1781
5.1806
5.1832
5.1858
5.1884
5.1909
5.1935
5.1961
5.1987
5.2013
5.2039
5.2065
5.2091
5.2117
5.2117
5.2143
5.2169
5.2195
5.2221
5.2247
5.2273
5.2299
5.2325
5.2351
5.2377
5.2403
5.2428
5.2454
5.2480
5.2506
5.2532
5.2558
5.2584
5.2610
5.2636
5.2662
5.2688
5.2714
5.2740
5.2766
5.2792
5.2818
5.2844
5.2870
5.2895
5.2921
5.2947
5.2973
5.2999
5.3025
5.3051
5.3077
5.3103
5.3129
5.3155
5.3181
5.3207
5.3233
5.3259
5.3285
5.3311
5.3337
5.3362
5.3388
5.3414
5.3440
5.3466
5.3492
5.3518
5.3544
5.3570
5.3596
5.3622
5.3648
5.3674
5.3700
5.3726
5.3752
5.3778
5.3803
5.3829
5.3855
5.3881
5.3907
5.3933
5.3959
5.3985
5.4011
5.4037
5.4063
5.4089
5.4115
5.4141
5.4167
5.4193
5.4219
5.4245
5.4270
5.4296
5.4322
5.4348
5.4374
5.4400
5.4426
5.4452
5.4478
5.4504
5.4530
5.4556
5.4582
5.4608
5.4634
5.4660
5.4686
5.4712
5.4712
5.4737
5.4763
5.4789
5.4815
5.4841
5.4867
5.4893
5.4919
5.4945
5.4971
5.4997
5.5023
5.5049
5.5075
5.5101
5.5127
5.5153
5.5178
5.5204
5.5230
5.5256
5.5282
5.5308
5.5334
5.5360
5.5386
5.5412
5.5438
5.5464
5.5490
5.5516
5.5542
5.5568
5.5594
5.5620
5.5645
5.5671
5.5697
5.5723
5.5749
5.5775
5.5801
5.5827
5.5853
5.5879
5.5905
5.5931
5.5957
5.5983
5.6009
5.6035
5.6061
5.6087
5.6112
5.6138
5.6164
5.6190
5.6216
5.6242
5.6268
5.6294
5.6320
5.6346
5.6372
5.6398
5.6424
5.6450
5.6476
5.6502
5.6528
5.6553
5.6579
5.6605
5.6631
5.6657
5.6683
5.6709
5.6735
5.6761
5.6787
5.6813
5.6839
5.6865
5.6891
5.6917
5.6943
5.6969
5.6995
5.7020
5.7046
5.7072
5.7098
5.7124
5.7150
5.7176
5.7202
5.7228
5.7254
5.7280
5.7306
5.7306
5.7332
5.7358
5.7384
5.7410
5.7436
5.7462
5.7487
5.7513
5.7539
5.7565
5.7591
5.7617
5.7643
5.7669
5.7695
5.7721
5.7747
5.7773
5.7799
5.7825
5.7851
5.7877
5.7903
5.7928
5.7954
5.7980
5.8006
5.8032
5.8058
5.8084
5.8110
5.8136
5.8162
5.8188
5.8214
5.8240
5.8266
5.8292
5.8318
5.8344
5.8370
5.8395
5.8421
5.8447
5.8473
5.8499
5.8525
5.8551
5.8577
5.8603
5.8629
5.8655
5.8681
5.8707
5.8733
5.8759
5.8785
5.8811
5.8837
5.8862
5.8888
5.8914
5.8940
5.8966
5.8992
5.9018
5.9044
5.9070
5.9096
5.9122
5.9148
5.9174
5.9200
5.9226
5.9252
5.9278
5.9303
5.9329
5.9355
5.9381
5.9407
5.9433
5.9459
5.9485
5.9511
5.9537
5.9563
5.9589
5.9615
5.9641
5.9667
5.9693
5.9719
5.9745
5.9770
5.9796
5.9822
5.9848
5.9874
5.9900
5.9900
5.9926
5.9952
5.9978
6.0004
6.0030
6.0056
6.0082
6.0108
6.0134
6.0160
6.0186
6.0212
6.0237
6.0263
6.0289
6.0315
6.0341
6.0367
6.0393
6.0419
6.0445
6.0471
6.0497
6.0523
6.0549
6.0575
6.0601
6.0627
6.0653
6.0678
6.0704
6.0730
6.0756
6.0782
6.0808
6.0834
6.0860
6.0886
6.0912
6.0938
6.0964
6.0990
6.1016
6.1042
6.1068
6.1094
6.1120
6.1145
6.1171
6.1197
6.1223
6.1249
6.1275
6.1301
6.1327
6.1353
6.1379
6.1405
6.1431
6.1457
6.1483
6.1509
6.1535
6.1561
6.1587
6.1612
6.1638
6.1664
6.1690
6.1716
6.1742
6.1768
6.1794
6.1820
6.1846
6.1872
6.1898
6.1924
6.1950
6.1976
6.2002
6.2028
6.2053
6.2079
6.2105
6.2131
6.2157
6.2183
6.2209
6.2235
6.2261
6.2287
6.2313
6.2339
6.2365
6.2391
6.2417
6.2443
6.2469
6.2495
6.2495
6.2520
6.2546
6.2572
6.2598
6.2624
6.2650
6.2676
6.2702
6.2728
6.2754
6.2780
6.2806
6.2832
6.2858
6.2884
6.2910
6.2936
6.2962
6.2987
6.3013
6.3039
6.3065
6.3091
6.3117
6.3143
6.3169
6.3195
6.3221
6.3247
6.3273
6.3299
6.3325
6.3351
6.3377
6.3403
6.3428
6.3454
6.3480
6.3506
6.3532
6.3558
6.3584
6.3610
6.3636
6.3662
6.3688
6.3714
6.3740
6.3766
6.3792
6.3818
6.3844
6.3870
6.3895
6.3921
6.3947
6.3973
6.3999
6.4025
6.4051
6.4077
6.4103
6.4129
6.4155
6.4181
6.4207
6.4233
6.4259
6.4285
6.4311
6.4337
6.4362
6.4388
6.4414
6.4440
6.4466
6.4492
6.4518
6.4544
6.4570
6.4596
6.4622
6.4648
6.4674
6.4700
6.4726
6.4752
6.4778
6.4803
6.4829
6.4855
6.4881
6.4907
6.4933
6.4959
6.4985
6.5011
6.5037
6.5063
6.5089
6.5089
6.5115
6.5141
6.5167
6.5193
6.5219
6.5245
6.5271
6.5297
6.5323
6.5348
6.5374
6.5400
6.5426
6.5451
6.5477
6.5502
6.5528
6.5553
6.5578
6.5603
6.5628
6.5652
6.5677
6.5701
6.5725
6.5749
6.5773
6.5796
6.5820
6.5843
6.5866
6.5888
6.5911
6.5933
6.5955
6.5977
6.5998
6.6019
6.6040
6.6061
6.6081
6.6101
6.6120
6.6140
6.6140
6.6159
6.6178
6.6197
6.6216
6.6235
6.6254
6.6273
6.6292
6.6311
6.6330
6.6349
6.6368
6.6387
6.6406
6.6425
6.6443
6.6462
6.6481
6.6500
6.6519
6.6538
6.6557
6.6576
6.6595
6.6614
6.6633
6.6652
6.6671
6.6690
6.6709
6.6728
6.6747
6.6766
6.6785
6.6804
6.6823
6.6842
6.6861
6.6880
6.6899
6.6918
6.6937
6.6956
6.6975
6.6994
6.7013
6.7032
6.7051
6.7070
6.7089
6.7108
6.7127
6.7146
6.7165
6.7184
6.7203
6.7222
6.7241
6.7260
6.7279
6.7298
6.7317
6.7336
6.7355
6.7374
6.7393
6.7412
6.7431
6.7449
6.7468
6.7487
6.7506
6.7525
6.7544
6.7563
6.7582
6.7601
6.7620
6.7639
6.7658
6.7677
6.7696
6.7715
6.7734
6.7753
6.7772
6.7791
6.7810
6.7829
6.7848
6.7867
6.7886
6.7905
6.7924
6.7943
6.7962
6.7981
6.8000
6.8019
6.8038
6.8038
6.8057
6.8076
6.8094
6.8112
6.8129
6.8147
6.8164
6.8180
6.8196
6.8212
6.8227
6.8242
6.8257
6.8271
6.8285
6.8298
6.8311
6.8324
6.8336
6.8347
6.8359
6.8369
6.8380
6.8390
6.8399
6.8408
6.8417
6.8425
6.8432
6.8440
6.8446
6.8452
6.8458
6.8463
6.8468
6.8473
6.8476
6.8480
6.8483
6.8485
6.8487
6.8489
6.8489
6.8490
6.8490
6.8490
6.8490
6.8491
6.8493
6.8495
6.8497
6.8500
6.8503
6.8507
6.8512
6.8516
6.8522
6.8528
6.8534
6.8540
6.8548
6.8555
6.8563
6.8572
6.8581
6.8590
6.8600
6.8611
6.8621
6.8633
6.8644
6.8656
6.8669
6.8682
6.8695
6.8709
6.8723
6.8738
6.8753
6.8768
6.8784
6.8800
6.8816
6.8833
6.8851
6.8868
6.8886
6.8904
6.8923
6.8923
6.8942
6.8961
6.8980
6.8999
6.9018
6.9037
6.9056
6.9075
6.9094
6.9113
6.9132
6.9151
6.9170
6.9189
6.9208
6.9227
6.9246
6.9265
6.9284
6.9303
6.9322
6.9341
6.9360
6.9379
6.9398
6.9417
6.9436
6.9455
6.9474
6.9492
6.9511
6.9530
6.9549
6.9568
6.9587
6.9606
6.9625
6.9644
6.9663
6.9682
6.9701
6.9720
6.9739
6.9758
6.9777
6.9796
6.9815
6.9834
6.9853
6.9872
6.9891
6.9910
6.9929
6.9948
6.9967
6.9986
7.0005
7.0024
7.0043
7.0062
7.0081
7.0100
7.0119
7.0138
7.0157
7.0176
7.0195
7.0214
7.0233
7.0252
7.0271
7.0290
7.0309
7.0328
7.0347
7.0366
7.0385
7.0404
7.0423
7.0442
7.0461
7.0480
7.0498
7.0517
7.0536
7.0555
7.0574
7.0593
7.0612
7.0631
7.0650
7.0669
7.0688
7.0707
7.0726
7.0745
7.0764
7.0783
7.0802
7.0821
7.0821
7.0840
7.0859
7.0878
7.0897
7.0916
7.0935
7.0954
7.0973
7.0992
7.1011
7.1030
7.1049
7.1068
7.1087
7.1106
7.1125
7.1144
7.1163
7.1182
7.1201
7.1220
7.1239
7.1258
7.1277
7.1296
7.1315
7.1334
7.1353
7.1372
7.1391
7.1410
7.1429
7.1448
7.1467
7.1486
7.1505
7.1523
7.1542
7.1561
7.1580
7.1599
7.1618
7.1637
7.1656
7.1675
7.1694
7.1713
7.1732
7.1751
7.1770
7.1789
7.1808
7.1827
7.1846
7.1865
7.1884
7.1903
7.1922
7.1941
7.1960
7.1979
7.1998
7.2017
7.2036
7.2055
7.2074
7.2093
7.2112
7.2131
7.2150
7.2169
7.2188
7.2207
7.2226
7.2245
7.2264
7.2283
7.2302
7.2321
7.2340
7.2359
7.2378
7.2397
7.2416
7.2435
7.2454
7.2473
7.2492
7.2511
7.2530
7.2548
7.2567
7.2586
7.2605
7.2624
7.2643
7.2662
7.2681
7.2700
7.2719
7.2719
7.2738
7.2757
7.2776
7.2795
7.2814
7.2833
7.2852
7.2871
7.2890
7.2909
7.2928
7.2947
7.2966
7.2985
7.3004
7.3023
7.3042
7.3061
7.3080
7.3099
7.3118
7.3137
7.3156
7.3175
7.3194
7.3213
7.3232
7.3251
7.3270
7.3289
7.3308
7.3327
7.3346
7.3365
7.3384
7.3403
7.3422
7.3441
7.3460
7.3479
7.3498
7.3517
7.3536
7.3555
7.3573
7.3592
7.3611
7.3630
7.3649
7.3668
7.3687
7.3706
7.3725
7.3744
7.3763
7.3782
7.3801
7.3820
7.3839
7.3858
7.3877
7.3896
7.3915
7.3934
7.3953
7.3972
7.3991
7.4010
7.4029
7.4048
7.4067
7.4086
7.4105
7.4124
7.4143
7.4162
7.4181
7.4200
7.4219
7.4238
7.4257
7.4276
7.4295
7.4314
7.4333
7.4352
7.4371
7.4390
7.4409
7.4428
7.4447
7.4466
7.4485
7.4504
7.4523
7.4542
7.4561
7.4579
7.4598
7.4617
7.4617
7.4636
7.4655
7.4674
7.4693
7.4712
7.4731
7.4750
7.4769
7.4788
7.4807
7.4826
7.4845
7.4864
7.4883
7.4902
7.4921
7.4940
7.4959
7.4978
7.4997
7.5016
7.5035
7.5054
7.5073
7.5092
7.5111
7.5130
7.5149
7.5168
7.5187
7.5206
7.5225
7.5244
7.5263
7.5282
7.5301
7.5320
7.5339
7.5358
7.5377
7.5396
7.5415
7.5434
7.5453
7.5472
7.5491
7.5510
7.5529
7.5548
7.5567
7.5586
7.5604
7.5623
7.5642
7.5661
7.5680
7.5699
7.5718
7.5737
7.5756
7.5775
7.5794
7.5813
7.5832
7.5851
7.5870
7.5889
7.5908
7.5927
7.5946
7.5965
7.5984
7.6003
7.6022
7.6041
7.6060
7.6079
7.6098
7.6117
7.6136
7.6155
7.6174
7.6193
7.6212
7.6231
7.6250
7.6269
7.6288
7.6307
7.6326
7.6345
7.6364
7.6383
7.6402
7.6421
7.6440
7.6459
7.6478
7.6497
7.6516
7.6516
7.6535
7.6554
7.6573
7.6592
7.6611
7.6629
7.6648
7.6667
7.6686
7.6705
7.6724
7.6743
7.6762
7.6781
7.6800
7.6819
7.6838
7.6857
7.6876
7.6895
7.6914
7.6933
7.6952
7.6971
7.6990
7.7009
7.7028
7.7047
7.7066
7.7085
7.7104
7.7123
7.7142
7.7161
7.7180
7.7199
7.7218
7.7237
7.7256
7.7275
7.7294
7.7313
7.7332
7.7351
7.7370
7.7389
7.7408
7.7427
7.7446
7.7465
7.7484
7.7503
7.7522
7.7541
7.7560
7.7579
7.7598
7.7617
7.7635
7.7654
7.7673
7.7692
7.7711
7.7730
7.7749
7.7768
7.7787
7.7806
7.7825
7.7844
7.7863
7.7882
7.7901
7.7920
7.7939
7.7958
7.7977
7.7996
7.8015
7.8034
7.8053
7.8072
7.8091
7.8110
7.8129
7.8148
7.8167
7.8186
7.8205
7.8224
7.8243
7.8262
7.8281
7.8300
7.8319
7.8338
7.8357
7.8376
7.8395
7.8414
7.8414
7.8433
7.8452
7.8471
7.8490
7.8509
7.8528
7.8547
7.8566
7.8585
7.8604
7.8623
7.8642
7.8660
7.8679
7.8698
7.8717
7.8736
7.8755
7.8774
7.8793
7.8812
7.8831
7.8850
7.8869
7.8888
7.8907
7.8926
7.8945
7.8964
7.8983
7.9002
7.9021
7.9040
7.9059
7.9078
7.9097
7.9116
7.9135
7.9154
7.9173
7.9192
7.9211
7.9230
7.9249
7.9268
7.9287
7.9306
7.9325
7.9344
7.9363
7.9382
7.9401
7.9420
7.9439
7.9458
7.9477
7.9496
7.9515
7.9534
7.9553
7.9572
7.9591
7.9610
7.9629
7.9648
7.9667
7.9685
7.9704
7.9723
7.9742
7.9761
7.9780
7.9799
7.9818
7.9837
7.9856
7.9875
7.9894
7.9913
7.9932
7.9951
7.9970
7.9989
8.0008
8.0027
8.0046
8.0065
8.0084
8.0103
8.0122
8.0141
8.0160
8.0179
8.0198
8.0217
8.0236
8.0255
8.0274
8.0293
8.0312
8.0312
8.0331
8.0350
8.0368
8.0386
8.0403
8.0421
8.0438
8.0454
8.0470
8.0486
8.0501
8.0516
8.0531
8.0545
8.0559
8.0572
8.0585
8.0598
8.0610
8.0621
8.0633
8.0643
8.0654
8.0664
8.0673
8.0682
8.0691
8.0699
8.0706
8.0713
8.0720
8.0726
8.0732
8.0737
8.0742
8.0747
8.0750
8.0754
8.0757
8.0759
8.0761
8.0762
8.0763
8.0764
8.0764
8.0764
8.0764
8.0764
8.0764
8.0764
8.0764
8.0764
8.0764
8.0764
8.0764
8.0764
8.0764
8.0764
8.0764
8.0764
8.0764
8.0764
8.0764
8.0764
8.0764
8.0764
8.0764
8.0764
8.0764
8.0764
8.0764
8.0764
8.0764
8.0764
8.0764
8.0764
8.0764
8.0764
8.0764
8.0764
8.0764
8.0764
8.0764
8.0764
8.0764
8.0764
8.0764
8.0764
8.0764
8.0764
8.0764
8.0764
8.0764
8.0764
8.0764
8.0764
8.0764
8.0764
8.0764
8.0764
8.0764
8.0764
8.0764
8.0764
8.0764
8.0764
8.0764
8.0764
8.0764
8.0764
8.0764
8.0764
8.0764
8.0764
8.0764
8.0764
8.0764
8.0764
8.0764
8.0764
8.0764
8.0764
8.0764
8.0764
8.0764
8.0764
8.0764
8.0764
8.0764
8.0764
8.0764
8.0764
8.0764
8.0764
8.0764
8.0764
8.0764
8.0764
8.0764
8.0764
8.0764
8.0764
8.0764
8.0764
8.0764
8.0764
8.0764
8.0764
8.0764
8.0764
8.0764
8.0764
8.0764
8.0764
8.0764
8.0764
8.0764
8.0764
8.0764
8.0764
8.0764
8.0764
8.0764
8.0764
8.0764
8.0764
8.0764
8.0764
8.0764
8.0764
8.0764
8.0764
8.0764
8.0764
8.0764
8.0764
8.0764
8.0764
8.0764
8.0764
8.0764
8.0764
8.0764
8.0764
8.0764
8.0764
8.0764
8.0764
8.0764
8.0764
8.0764
8.0764
8.0764
8.0764
8.0764
8.0764
8.0764
8.0764
8.0764
8.0764
8.0764
8.0764
8.0764
8.0764
8.0764
8.0764
8.0764
8.0764
8.0764
8.0764
8.0764
8.0764
8.0764
8.0764
8.0764
8.0764
8.0764
8.0764
8.0764
8.0764
8.0764
8.0764
8.0764
8.0764
8.0764
8.0764
8.0764
8.0764
8.0764
8.0764
8.0764
8.0764
8.0764
8.0764
8.0764
8.0764
8.0764
8.0764
8.0764
8.0764
8.0764
8.0764
8.0764
8.0764
8.0764
8.0764
8.0764
8.0764
8.0763
8.0762
8.0761
8.0759
8.0757
8.0754
8.0750
8.0747
8.0742
8.0737
8.0732
8.0726
8.0720
8.0713
8.0706
8.0699
8.0691
8.0682
8.0673
8.0664
8.0654
8.0643
8.0633
8.0621
8.0610
8.0598
8.0585
8.0572
8.0559
8.0545
8.0531
8.0516
8.0501
8.0486
8.0470
8.0454
8.0438
8.0421
8.0403
8.0386
8.0368
8.0350
8.0331
8.0331
8.0312
8.0293
8.0274
8.0255
8.0236
8.0217
8.0198
8.0179
8.0160
8.0141
8.0122
8.0103
8.0084
8.0065
8.0046
8.0027
8.0008
7.9989
7.9970
7.9951
7.9932
7.9913
7.9894
7.9875
7.9856
7.9837
7.9818
7.9799
7.9780
7.9761
7.9742
7.9723
7.9704
7.9685
7.9667
7.9648
7.9629
7.9610
7.9591
7.9572
7.9553
7.9534
7.9515
7.9496
7.9477
7.9458
7.9439
7.9420
7.9401
7.9382
7.9363
7.9344
7.9325
7.9306
7.9287
7.9268
7.9249
7.9230
7.9211
7.9192
7.9173
7.9154
7.9135
7.9116
7.9097
7.9078
7.9059
7.9040
7.9021
7.9002
7.8983
7.8964
7.8945
7.8926
7.8907
7.8888
7.8869
7.8850
7.8831
7.8812
7.8793
7.8774
7.8755
7.8736
7.8717
7.8698
7.8679
7.8660
7.8642
7.8623
7.8604
7.8585
7.8566
7.8547
7.8528
7.8509
7.8490
7.8471
7.8452
7.8433
7.8433
7.8414
7.8395
7.8376
7.8357
7.8338
7.8319
7.8300
7.8281
7.8262
7.8243
7.8224
7.8205
7.8186
7.8167
7.8148
7.8129
7.8110
7.8091
7.8072
7.8053
7.8034
7.8015
7.7996
7.7977
7.7958
7.7939
7.7920
7.7901
7.7882
7.7863
7.7844
7.7825
7.7806
7.7787
7.7768
7.7749
7.7730
7.7711
7.7692
7.7673
7.7654
7.7635
7.7617
7.7598
7.7579
7.7560
7.7541
7.7522
7.7503
7.7484
7.7465
7.7446
7.7427
7.7408
7.7389
7.7370
7.7351
7.7332
7.7313
7.7294
7.7275
7.7256
7.7237
7.7218
7.7199
7.7180
7.7161
7.7142
7.7123
7.7104
7.7085
7.7066
7.7047
7.7028
7.7009
7.6990
7.6971
7.6952
7.6933
7.6914
7.6895
7.6876
7.6857
7.6838
7.6819
7.6800
7.6781
7.6762
7.6743
7.6724
7.6705
7.6686
7.6667
7.6648
7.6629
7.6611
7.6592
7.6573
7.6554
7.6535
7.6535
7.6516
7.6497
7.6478
7.6459
7.6440
7.6421
7.6402
7.6383
7.6364
7.6345
7.6326
7.6307
7.6288
7.6269
7.6250
7.6231
7.6212
7.6193
7.6174
7.6155
7.6136
7.6117
7.6098
7.6079
7.6060
7.6041
7.6022
7.6003
7.5984
7.5965
7.5946
7.5927
7.5908
7.5889
7.5870
7.5851
7.5832
7.5813
7.5794
7.5775
7.5756
7.5737
7.5718
7.5699
7.5680
7.5661
7.5642
7.5623
7.5604
7.5586
7.5567
7.5548
7.5529
7.5510
7.5491
7.5472
7.5453
7.5434
7.5415
7.5396
7.5377
7.5358
7.5339
7.5320
7.5301
7.5282
7.5263
7.5244
7.5225
7.5206
7.5187
7.5168
7.5149
7.5130
7.5111
7.5092
7.5073
7.5054
7.5035
7.5016
7.4997
7.4978
7.4959
7.4940
7.4921
7.4902
7.4883
7.4864
7.4845
7.4826
7.4807
7.4788
7.4769
7.4750
7.4731
7.4712
7.4693
7.4674
7.4655
7.4636
7.4636
7.4617
7.4598
7.4579
7.4561
7.4542
7.4523
7.4504
7.4485
7.4466
7.4447
7.4428
7.4409
7.4390
7.4371
7.4352
7.4333
7.4314
7.4295
7.4276
7.4257
7.4238
7.4219
7.4200
7.4181
7.4162
7.4143
7.4124
7.4105
7.4086
7.4067
7.4048
7.4029
7.4010
7.3991
7.3972
7.3953
7.3934
7.3915
7.3896
7.3877
7.3858
7.3839
7.3820
7.3801
7.3782
7.3763
7.3744
7.3725
7.3706
7.3687
7.3668
7.3649
7.3630
7.3611
7.3592
7.3573
7.3555
7.3536
7.3517
7.3498
7.3479
7.3460
7.3441
7.3422
7.3403
7.3384
7.3365
7.3346
7.3327
7.3308
7.3289
7.3270
7.3251
7.3232
7.3213
7.3194
7.3175
7.3156
7.3137
7.3118
7.3099
7.3080
7.3061
7.3042
7.3023
7.3004
7.2985
7.2966
7.2947
7.2928
7.2909
7.2890
7.2871
7.2852
7.2833
7.2814
7.2795
7.2776
7.2757
7.2738
7.2738
7.2719
7.2700
7.2681
7.2662
7.2643
7.2624
7.2605
7.2586
7.2567
7.2548
7.2530
7.2511
7.2492
7.2473
7.2454
7.2435
7.2416
7.2397
7.2378
7.2359
7.2340
7.2321
7.2302
7.2283
7.2264
7.2245
7.2226
7.2207
7.2188
7.2169
7.2150
7.2131
7.2112
7.2093
7.2074
7.2055
7.2036
7.2017
7.1998
7.1979
7.1960
7.1941
7.1922
7.1903
7.1884
7.1865
7.1846
7.1827
7.1808
7.1789
7.1770
7.1751
7.1732
7.1713
7.1694
7.1675
7.1656
7.1637
7.1618
7.1599
7.1580
7.1561
7.1542
7.1523
7.1505
7.1486
7.1467
7.1448
7.1429
7.1410
7.1391
7.1372
7.1353
7.1334
7.1315
7.1296
7.1277
7.1258
7.1239
7.1220
7.1201
7.1182
7.1163
7.1144
7.1125
7.1106
7.1087
7.1068
7.1049
7.1030
7.1011
7.0992
7.0973
7.0954
7.0935
7.0916
7.0897
7.0878
7.0859
7.0840
7.0840
7.0821
7.0802
7.0783
7.0764
7.0745
7.0726
7.0707
7.0688
7.0669
7.0650
7.0631
7.0612
7.0593
7.0574
7.0555
7.0536
7.0517
7.0498
7.0480
7.0461
7.0442
7.0423
7.0404
7.0385
7.0366
7.0347
7.0328
7.0309
7.0290
7.0271
7.0252
7.0233
7.0214
7.0195
7.0176
7.0157
7.0138
7.0119
7.0100
7.0081
7.0062
7.0043
7.0024
7.0005
6.9986
6.9967
6.9948
6.9929
6.9910
6.9891
6.9872
6.9853
6.9834
6.9815
6.9796
6.9777
6.9758
6.9739
6.9720
6.9701
6.9682
6.9663
6.9644
6.9625
6.9606
6.9587
6.9568
6.9549
6.9530
6.9511
6.9492
6.9474
6.9455
6.9436
6.9417
6.9398
6.9379
6.9360
6.9341
6.9322
6.9303
6.9284
6.9265
6.9246
6.9227
6.9208
6.9189
6.9170
6.9151
6.9132
6.9113
6.9094
6.9075
6.9056
6.9037
6.9018
6.8999
6.8980
6.8961
6.8942
6.8942
6.8923
6.8904
6.8886
6.8868
6.8851
6.8833
6.8816
6.8800
6.8784
6.8768
6.8753
6.8738
6.8723
6.8709
6.8695
6.8682
6.8669
6.8656
6.8644
6.8633
6.8621
6.8611
6.8600
6.8590
6.8581
6.8572
6.8563
6.8555
6.8548
6.8540
6.8534
6.8528
6.8522
6.8516
6.8512
6.8507
6.8503
6.8500
6.8497
6.8495
6.8493
6.8491
6.8490
6.8490
6.8490
6.8490
6.8490
6.8491
6.8493
6.8495
6.8497
6.8500
6.8503
6.8507
6.8512
6.8516
6.8522
6.8528
6.8534
6.8540
6.8548
6.8555
6.8563
6.8572
6.8581
6.8590
6.8600
6.8611
6.8621
6.8633
6.8644
6.8656
6.8669
6.8682
6.8695
6.8709
6.8723
6.8738
6.8753
6.8768
6.8784
6.8800
6.8816
6.8833
6.8851
6.8868
6.8886
6.8904
6.8923
6.8923
6.8942
6.8961
6.8979
6.8997
6.9015
6.9032
6.9049
6.9065
6.9081
6.9097
6.9112
6.9127
6.9142
6.9156
6.9170
6.9183
6.9196
6.9209
6.9221
6.9233
6.9244
6.9255
6.9265
6.9275
6.9284
6.9293
6.9302
6.9310
6.9317
6.9325
6.9331
6.9338
6.9343
6.9349
6.9353
6.9358
6.9362
6.9365
6.9368
6.9370
6.9372
6.9374
6.9375
6.9375
6.9375
6.9375
6.9375
6.9374
6.9372
6.9370
6.9368
6.9365
6.9362
6.9358
6.9353
6.9349
6.9343
6.9338
6.9331
6.9325
6.9317
6.9310
6.9302
6.9293
6.9284
6.9275
6.9265
6.9255
6.9244
6.9233
6.9221
6.9209
6.9196
6.9183
6.9170
6.9156
6.9142
6.9127
6.9112
6.9097
6.9081
6.9065
6.9049
6.9032
6.9015
6.8997
6.8979
6.8961
6.8942
6.8942
6.8923
6.8904
6.8885
6.8866
6.8847
6.8828
6.8809
6.8790
6.8771
6.8752
6.8733
6.8714
6.8695
6.8676
6.8657
6.8638
6.8619
6.8600
6.8581
6.8562
6.8543
6.8524
6.8505
6.8486
6.8467
6.8449
6.8430
6.8411
6.8392
6.8373
6.8354
6.8335
6.8316
6.8297
6.8278
6.8259
6.8240
6.8221
6.8202
6.8183
6.8164
6.8145
6.8126
6.8107
6.8088
6.8069
6.8050
6.8031
6.8012
6.7993
6.7974
6.7955
6.7936
6.7917
6.7898
6.7879
6.7860
6.7841
6.7822
6.7803
6.7784
6.7765
6.7746
6.7727
6.7708
6.7689
6.7670
6.7651
6.7632
6.7613
6.7594
6.7575
6.7556
6.7537
6.7518
6.7499
6.7480
6.7461
6.7442
6.7424
6.7405
6.7386
6.7367
6.7348
6.7329
6.7310
6.7291
6.7272
6.7253
6.7234
6.7215
6.7196
6.7177
6.7158
6.7139
6.7120
6.7101
6.7082
6.7063
6.7044
6.7044
6.7025
6.7006
6.6987
6.6968
6.6949
6.6930
6.6911
6.6892
6.6873
6.6854
6.6835
6.6816
6.6797
6.6778
6.6759
6.6740
6.6721
6.6702
6.6683
6.6664
6.6645
6.6626
6.6607
6.6588
6.6569
6.6550
6.6531
6.6512
6.6493
6.6474
6.6455
6.6436
6.6417
6.6399
6.6380
6.6361
6.6342
6.6323
6.6304
6.6285
6.6266
6.6247
6.6228
6.6209
6.6190
6.6171
6.6152
6.6133
6.6114
6.6095
6.6076
6.6057
6.6038
6.6019
6.6000
6.5981
6.5962
6.5943
6.5924
6.5905
6.5886
6.5867
6.5848
6.5829
6.5810
6.5791
6.5772
6.5753
6.5734
6.5715
6.5696
6.5677
6.5658
6.5639
6.5620
6.5601
6.5582
6.5563
6.5544
6.5525
6.5506
6.5487
6.5468
6.5449
6.5430
6.5411
6.5393
6.5374
6.5355
6.5336
6.5317
6.5298
6.5279
6.5260
6.5241
6.5222
6.5203
6.5184
6.5165
6.5146
6.5146
6.5127
6.5108
6.5089
6.5070
6.5051
6.5032
6.5013
6.4994
6.4975
6.4956
6.4937
6.4918
6.4899
6.4880
6.4861
6.4842
6.4823
6.4804
6.4785
6.4766
6.4747
6.4728
6.4709
6.4690
6.4671
6.4652
6.4633
6.4614
6.4595
6.4576
6.4557
6.4538
6.4519
6.4500
6.4481
6.4462
6.4443
6.4424
6.4405
6.4386
6.4368
6.4349
6.4330
6.4311
6.4292
6.4273
6.4254
6.4235
6.4216
6.4197
6.4178
6.4159
6.4140
6.4121
6.4102
6.4083
6.4064
6.4045
6.4026
6.4007
6.3988
6.3969
6.3950
6.3931
6.3912
6.3893
6.3874
6.3855
6.3836
6.3817
6.3798
6.3779
6.3760
6.3741
6.3722
6.3703
6.3684
6.3665
6.3646
6.3627
6.3608
6.3589
6.3570
6.3551
6.3532
6.3513
6.3494
6.3475
6.3456
6.3437
6.3418
6.3399
6.3380
6.3361
6.3343
6.3324
6.3305
6.3286
6.3267
6.3248
6.3248
6.3229
6.3210
6.3192
6.3174
6.3156
6.3139
6.3122
6.3105
6.3089
6.3074
6.3058
6.3043
6.3029
6.3014
6.3001
6.2987
6.2974
6.2962
6.2950
6.2938
6.2927
6.2916
6.2906
6.2896
6.2886
6.2877
6.2869
6.2861
6.2853
6.2846
6.2839
6.2833
6.2827
6.2822
6.2817
6.2813
6.2809
6.2806
6.2803
6.2800
6.2798
6.2797
6.2796
6.2796
6.2796
6.2796
6.2796
6.2796
6.2796
6.2796
6.2796
6.2796
6.2796
6.2796
6.2796
6.2796
6.2796
6.2796
6.2796
6.2796
6.2796
6.2796
6.2796
6.2796
6.2796
6.2796
6.2796
6.2796
6.2796
6.2796
6.2796
6.2796
6.2796
6.2796
6.2796
6.2796
6.2796
6.2796
6.2796
6.2796
6.2796
6.2796
6.2796
6.2796
6.2796
6.2796
6.2796
6.2796
6.2796
6.2796
6.2796
6.2796
6.2796
6.2796
6.2796
6.2796
6.2796
6.2796
6.2796
6.2796
6.2796
6.2796
6.2796
6.2796
6.2796
6.2796
6.2796
6.2796
6.2796
6.2796
6.2796
6.2796
6.2796
6.2796
6.2796
6.2796
6.2796
6.2796
6.2796
6.2796
6.2796
6.2796
6.2796
6.2796
6.2796
6.2796
6.2796
6.2796
6.2796
6.2796
6.2796
6.2796
6.2796
6.2796
6.2796
6.2796
6.2796
6.2796
6.2796
6.2796
6.2796
6.2796
6.2796
6.2796
6.2796
6.2796
6.2796
6.2796
6.2796
6.2796
6.2796
6.2796
6.2796
6.2796
6.2796
6.2796
6.2796
6.2796
6.2796
6.2796
6.2796
6.2796
6.2796
6.2796
6.2796
6.2796
6.2796
6.2796
6.2796
6.2796
6.2796
6.2796
6.2796
6.2796
6.2796
6.2796
6.2796
6.2796
6.2796
6.2796
6.2796
6.2796
6.2796
6.2796
6.2796
6.2796
6.2796
6.2796
6.2796
6.2796
6.2796
6.2796
6.2796
6.2796
6.2796
6.2796
6.2796
6.2796
6.2796
6.2796
6.2796
6.2796
6.2796
6.2796
6.2796
6.2796
6.2796
6.2796
6.2796
6.2796
6.2796
6.2796
6.2796
6.2796
6.2796
6.2796
6.2796
6.2796
6.2796
6.2796
6.2796
6.2796
6.2796
6.2796
6.2796
6.2796
6.2796
6.2796
6.2796
6.2796
6.2796
6.2796
6.2796
6.2796
6.2796
6.2796
6.2796
6.2796
6.2796
6.2796
6.2796
6.2796
6.2796
6.2796
6.2796
6.2796
6.2796
6.2796
6.2796
6.2796
6.2796
6.2796
6.2796
6.2796
6.2796
6.2796
6.2796
6.2796
6.2796
6.2796
6.2796
6.2796
6.2796
6.2796
6.2796
6.2796
6.2796
6.2796
6.2796
6.2796
6.2796
6.2796
6.2796
6.2796
6.2796
6.2796
6.2796
6.2796
6.2796
6.2796
6.2796
6.2796
6.2796
6.2796
6.2796
6.2796
6.2796
6.2796
6.2796
6.2796
6.2796
6.2796
6.2796
6.2796
6.2796
6.2796
6.2796
6.2796
6.2796
6.2796
6.2796
6.2796
6.2796
6.2796
6.2796
6.2796
6.2796
6.2796
6.2796
6.2796
6.2796
6.2796
6.2796
6.2796
6.2796
6.2796
6.2796
6.2796
6.2796
6.2796
6.2796
6.2796
6.2796
6.2796
6.2796
6.2796
6.2796
6.2796
6.2796
6.2796
6.2796
6.2796
6.2796
6.2796
6.2796
6.2796
6.2796
6.2796
6.2796
6.2796
6.2796
6.2796
6.2796
6.2796
6.2796
6.2796
6.2796
6.2796
6.2796
6.2796
6.2796
6.2796
6.2796
6.2796
6.2796
6.2796
6.2796
6.2796
6.2796
6.2796
6.2796
6.2796
6.2796
6.2796
6.2796
6.2796
6.2796
6.2796
6.2796
6.2796
6.2796
6.2796
6.2796
6.2796
6.2796
6.2796
6.2796
6.2796
6.2796
6.2796
6.2796
6.2796
6.2796
6.2796
6.2796
6.2796
6.2796
6.2796
6.2796
6.2796
6.2796
6.2796
6.2796
6.2796
6.2796
6.2796
6.2796
6.2796
6.2796
6.2796
6.2796
6.2796
6.2796
6.2796
6.2796
6.2796
6.2796
6.2796
6.2796
6.2796
6.2796
6.2796
6.2796
6.2796
6.2796
6.2796
6.2796
6.2796
6.2796
6.2796
6.2796
6.2796
6.2796
6.2796
6.2796
6.2796
6.2796
6.2796
6.2796
6.2796
6.2796
6.2796
6.2796
6.2796
6.2796
6.2796
6.2796
6.2796
6.2796
6.2796
6.2796
6.2796
6.2796
6.2796
6.2796
6.2796
6.2796
6.2796
6.2796
6.2796
6.2796
6.2797
6.2798
6.2800
6.2803
6.2806
6.2809
6.2813
6.2817
6.2822
6.2827
6.2833
6.2839
6.2846
6.2853
6.2861
6.2869
6.2877
6.2886
6.2896
6.2906
6.2916
6.2927
6.2938
6.2950
6.2962
6.2974
6.2987
6.3001
6.3014
6.3029
6.3043
6.3058
6.3074
6.3089
6.3105
6.3122
6.3139
6.3156
6.3174
6.3192
6.3210
6.3229
6.3229
6.3248
6.3267
6.3286
6.3305
6.3324
6.3343
6.3361
6.3380
6.3399
6.3418
6.3437
6.3456
6.3475
6.3494
6.3513
6.3532
6.3551
6.3570
6.3589
6.3608
6.3627
6.3646
6.3665
6.3684
6.3703
6.3722
6.3741
6.3760
6.3779
6.3798
6.3817
6.3836
6.3855
6.3874
6.3893
6.3912
6.3931
6.3950
6.3969
6.3988
6.4007
6.4026
6.4045
6.4064
6.4083
6.4102
6.4121
6.4140
6.4159
6.4178
6.4197
6.4216
6.4235
6.4254
6.4273
6.4292
6.4311
6.4330
6.4349
6.4368
6.4386
6.4405
6.4424
6.4443
6.4462
6.4481
6.4500
6.4519
6.4538
6.4557
6.4576
6.4595
6.4614
6.4633
6.4652
6.4671
6.4690
6.4709
6.4728
6.4747
6.4766
6.4785
6.4804
6.4823
6.4842
6.4861
6.4880
6.4899
6.4918
6.4937
6.4956
6.4975
6.4994
6.5013
6.5032
6.5051
6.5070
6.5089
6.5108
6.5127
6.5127
6.5146
6.5165
6.5184
6.5203
6.5222
6.5241
6.5260
6.5279
6.5298
6.5317
6.5336
6.5355
6.5374
6.5393
6.5411
6.5430
6.5449
6.5468
6.5487
6.5506
6.5525
6.5544
6.5563
6.5582
6.5601
6.5620
6.5639
6.5658
6.5677
6.5696
6.5715
6.5734
6.5753
6.5772
6.5791
6.5810
6.5829
6.5848
6.5867
6.5886
6.5905
6.5924
6.5943
6.5962
6.5981
6.6000
6.6019
6.6038
6.6057
6.6076
6.6095
6.6114
6.6133
6.6152
6.6171
6.6190
6.6209
6.6228
6.6247
6.6266
6.6285
6.6304
6.6323
6.6342
6.6361
6.6380
6.6399
6.6417
6.6436
6.6455
6.6474
6.6493
6.6512
6.6531
6.6550
6.6569
6.6588
6.6607
6.6626
6.6645
6.6664
6.6683
6.6702
6.6721
6.6740
6.6759
6.6778
6.6797
6.6816
6.6835
6.6854
6.6873
6.6892
6.6911
6.6930
6.6949
6.6968
6.6987
6.7006
6.7025
6.7025
6.7044
6.7063
6.7081
6.7099
6.7116
6.7134
6.7151
6.7167
6.7183
6.7199
6.7214
6.7229
6.7244
6.7258
6.7272
6.7285
6.7298
6.7311
6.7323
6.7334
6.7346
6.7356
6.7367
6.7377
6.7386
6.7395
6.7404
6.7412
6.7419
6.7426
6.7433
6.7439
6.7445
6.7450
6.7455
6.7460
6.7463
6.7467
6.7470
6.7472
6.7474
6.7476
6.7476
6.7477
6.7477
6.7477
6.7477
6.7478
6.7480
6.7482
6.7484
6.7487
6.7490
6.7494
6.7499
6.7503
6.7509
6.7515
6.7521
6.7527
6.7535
6.7542
6.7550
6.7559
6.7568
6.7577
6.7587
6.7598
6.7608
6.7620
6.7631
6.7643
6.7656
6.7669
6.7682
6.7696
6.7710
6.7725
6.7740
6.7755
6.7771
6.7787
6.7803
6.7820
6.7837
6.7855
6.7873
6.7891
6.7910
6.7910
6.7929
6.7948
6.7966
6.7984
6.8002
6.8019
6.8036
6.8052
6.8068
6.8084
6.8099
6.8114
6.8129
6.8143
6.8157
6.8170
6.8183
6.8196
6.8208
6.8219
6.8231
6.8241
6.8252
6.8262
6.8271
6.8280
6.8289
6.8297
6.8304
6.8312
6.8318
6.8325
6.8330
6.8336
6.8340
6.8345
6.8349
6.8352
6.8355
6.8357
6.8359
6.8361
6.8362
6.8362
6.8362
6.8362
6.8363
6.8364
6.8365
6.8367
6.8369
6.8372
6.8376
6.8379
6.8384
6.8389
6.8394
6.8400
6.8406
6.8413
6.8420
6.8427
6.8435
6.8444
6.8453
6.8462
6.8472
6.8483
6.8493
6.8505
6.8516
6.8528
6.8541
6.8554
6.8567
6.8581
6.8595
6.8610
6.8625
6.8640
6.8656
6.8672
6.8688
6.8705
6.8723
6.8740
6.8758
6.8776
6.8795
6.8795
6.8814
6.8833
6.8852
6.8871
6.8890
6.8909
6.8928
6.8947
6.8966
6.8985
6.9004
6.9023
6.9042
6.9061
6.9080
6.9099
6.9118
6.9137
6.9156
6.9175
6.9194
6.9213
6.9232
6.9251
6.9270
6.9289
6.9308
6.9327
6.9346
6.9365
6.9384
6.9403
6.9422
6.9441
6.9459
6.9478
6.9497
6.9516
6.9535
6.9554
6.9573
6.9592
6.9611
6.9630
6.9649
6.9668
6.9687
6.9706
6.9725
6.9744
6.9763
6.9782
6.9801
6.9820
6.9839
6.9858
6.9877
6.9896
6.9915
6.9934
6.9953
6.9972
6.9991
7.0010
7.0029
7.0048
7.0067
7.0086
7.0105
7.0124
7.0143
7.0162
7.0181
7.0200
7.0219
7.0238
7.0257
7.0276
7.0295
7.0314
7.0333
7.0352
7.0371
7.0390
7.0409
7.0428
7.0447
7.0466
7.0484
7.0503
7.0522
7.0541
7.0560
7.0579
7.0598
7.0617
7.0636
7.0655
7.0674
7.0693
7.0693
7.0712
7.0731
7.0750
7.0769
7.0788
7.0807
7.0826
7.0845
7.0864
7.0883
7.0902
7.0921
7.0940
7.0959
7.0978
7.0997
7.1016
7.1035
7.1054
7.1073
7.1092
7.1111
7.1130
7.1149
7.1168
7.1187
7.1206
7.1225
7.1244
7.1263
7.1282
7.1301
7.1320
7.1339
7.1358
7.1377
7.1396
7.1415
7.1434
7.1453
7.1472
7.1491
7.1509
7.1528
7.1547
7.1566
7.1585
7.1604
7.1623
7.1642
7.1661
7.1680
7.1699
7.1718
7.1737
7.1756
7.1775
7.1794
7.1813
7.1832
7.1851
7.1870
7.1889
7.1908
7.1927
7.1946
7.1965
7.1984
7.2003
7.2022
7.2041
7.2060
7.2079
7.2098
7.2117
7.2136
7.2155
7.2174
7.2193
7.2212
7.2231
7.2250
7.2269
7.2288
7.2307
7.2326
7.2345
7.2364
7.2383
7.2402
7.2421
7.2440
7.2459
7.2478
7.2497
7.2515
7.2534
7.2553
7.2572
7.2591
7.2591
7.2610
7.2629
7.2648
7.2667
7.2686
7.2705
7.2724
7.2743
7.2762
7.2781
7.2800
7.2819
7.2838
7.2857
7.2876
7.2895
7.2914
7.2933
7.2952
7.2971
7.2990
7.3009
7.3028
7.3047
7.3066
7.3085
7.3104
7.3123
7.3142
7.3161
7.3180
7.3199
7.3218
7.3237
7.3256
7.3275
7.3294
7.3313
7.3332
7.3351
7.3370
7.3389
7.3408
7.3427
7.3446
7.3465
7.3484
7.3503
7.3522
7.3540
7.3559
7.3578
7.3597
7.3616
7.3635
7.3654
7.3673
7.3692
7.3711
7.3730
7.3749
7.3768
7.3787
7.3806
7.3825
7.3844
7.3863
7.3882
7.3901
7.3920
7.3939
7.3958
7.3977
7.3996
7.4015
7.4034
7.4053
7.4072
7.4091
7.4110
7.4129
7.4148
7.4167
7.4186
7.4205
7.4224
7.4243
7.4262
7.4281
7.4300
7.4319
7.4338
7.4357
7.4376
7.4395
7.4414
7.4433
7.4452
7.4471
7.4490
7.4490
7.4509
7.4528
7.4547
7.4565
7.4584
7.4603
7.4622
7.4641
7.4660
7.4679
7.4698
7.4717
7.4736
7.4755
7.4774
7.4793
7.4812
7.4831
7.4850
7.4869
7.4888
7.4907
7.4926
7.4945
7.4964
7.4983
7.5002
7.5021
7.5040
7.5059
7.5078
7.5097
7.5116
7.5135
7.5154
7.5173
7.5192
7.5211
7.5230
7.5249
7.5268
7.5287
7.5306
7.5325
7.5344
7.5363
7.5382
7.5401
7.5420
7.5439
7.5458
7.5477
7.5496
7.5515
7.5534
7.5553
7.5571
7.5590
7.5609
7.5628
7.5647
7.5666
7.5685
7.5704
7.5723
7.5742
7.5761
7.5780
7.5799
7.5818
7.5837
7.5856
7.5875
7.5894
7.5913
7.5932
7.5951
7.5970
7.5989
7.6008
7.6027
7.6046
7.6065
7.6084
7.6103
7.6122
7.6141
7.6160
7.6179
7.6198
7.6217
7.6236
7.6255
7.6274
7.6293
7.6312
7.6331
7.6350
7.6369
7.6388
7.6388
7.6407
7.6426
7.6445
7.6464
7.6483
7.6502
7.6521
7.6540
7.6559
7.6578
7.6596
7.6615
7.6634
7.6653
7.6672
7.6691
7.6710
7.6729
7.6748
7.6767
7.6786
7.6805
7.6824
7.6843
7.6862
7.6881
7.6900
7.6919
7.6938
7.6957
7.6976
7.6995
7.7014
7.7033
7.7052
7.7071
7.7090
7.7109
7.7128
7.7147
7.7166
7.7185
7.7204
7.7223
7.7242
7.7261
7.7280
7.7299
7.7318
7.7337
7.7356
7.7375
7.7394
7.7413
7.7432
7.7451
7.7470
7.7489
7.7508
7.7527
7.7546
7.7565
7.7584
7.7603
7.7621
7.7640
7.7659
7.7678
7.7697
7.7716
7.7735
7.7754
7.7773
7.7792
7.7811
7.7830
7.7849
7.7868
7.7887
7.7906
7.7925
7.7944
7.7963
7.7982
7.8001
7.8020
7.8039
7.8058
7.8077
7.8096
7.8115
7.8134
7.8153
7.8172
7.8191
7.8210
7.8229
7.8248
7.8267
7.8286
7.8286
7.8305
7.8324
7.8344
7.8364
7.8384
7.8404
7.8425
7.8446
7.8468
7.8490
7.8511
7.8534
7.8556
7.8579
7.8602
7.8625
7.8648
7.8672
7.8696
7.8720
7.8744
7.8768
7.8792
7.8817
7.8842
7.8867
7.8892
7.8917
7.8942
7.8968
7.8993
7.9019
7.9045
7.9070
7.9096
7.9122
7.9148
7.9174
7.9200
7.9226
7.9252
7.9278
7.9304
7.9330
7.9330
7.9356
7.9382
7.9408
7.9433
7.9459
7.9485
7.9510
7.9536
7.9561
7.9587
7.9612
7.9637
7.9662
7.9686
7.9711
7.9736
7.9760
7.9784
7.9808
7.9832
7.9855
7.9879
7.9902
7.9925
7.9947
7.9970
7.9992
8.0014
8.0035
8.0057
8.0078
8.0099
8.0119
8.0139
8.0159
8.0179
8.0198
8.0217
8.0236
8.0254
8.0272
8.0290
8.0307
8.0324
8.0324
8.0340
8.0357
8.0374
8.0392
8.0410
8.0428
8.0447
8.0465
8.0485
8.0504
8.0524
8.0544
8.0565
8.0586
8.0607
8.0628
8.0650
8.0672
8.0694
8.0716
8.0739
8.0762
8.0785
8.0808
8.0832
8.0856
8.0880
8.0904
8.0928
8.0953
8.0977
8.1002
8.1027
8.1052
8.1077
8.1102
8.1128
8.1153
8.1179
8.1205
8.1230
8.1256
8.1282
8.1308
8.1308
8.1334
8.1360
8.1386
8.1411
8.1437
8.1463
8.1488
8.1514
8.1539
8.1565
8.1590
8.1615
8.1640
8.1665
8.1689
8.1714
8.1738
8.1762
8.1786
8.1810
8.1833
8.1857
8.1880
8.1903
8.1925
8.1948
8.1970
8.1992
8.2013
8.2035
8.2056
8.2077
8.2097
8.2118
8.2137
8.2157
8.2176
8.2195
8.2214
8.2232
8.2250
8.2268
8.2285
8.2302
8.2302
8.2318
8.2335
8.2352
8.2370
8.2388
8.2406
8.2425
8.2444
8.2463
8.2482
8.2502
8.2523
8.2543
8.2564
8.2585
8.2606
8.2628
8.2650
8.2672
8.2695
8.2717
8.2740
8.2763
8.2787
8.2810
8.2834
8.2858
8.2882
8.2906
8.2931
8.2955
8.2980
8.3005
8.3030
8.3055
8.3081
8.3106
8.3131
8.3157
8.3183
8.3208
8.3234
8.3260
8.3286
8.3286
8.3312
8.3338
8.3364
8.3390
8.3416
8.3442
8.3468
8.3494
8.3520
8.3545
8.3571
8.3597
8.3623
8.3649
8.3675
8.3701
8.3727
8.3753
8.3779
8.3805
8.3831
8.3857
8.3883
8.3909
8.3935
8.3961
8.3987
8.4012
8.4038
8.4064
8.4090
8.4116
8.4142
8.4168
8.4194
8.4220
8.4246
8.4272
8.4298
8.4324
8.4350
8.4376
8.4402
8.4428
8.4454
8.4479
8.4505
8.4531
8.4557
8.4583
8.4609
8.4635
8.4661
8.4687
8.4713
8.4739
8.4765
8.4791
8.4817
8.4843
8.4869
8.4895
8.4920
8.4946
8.4972
8.4998
8.5024
8.5050
8.5076
8.5102
8.5128
8.5154
8.5180
8.5206
8.5232
8.5258
8.5284
8.5310
8.5336
8.5362
8.5387
8.5413
8.5439
8.5465
8.5491
8.5517
8.5543
8.5569
8.5595
8.5621
8.5647
8.5673
8.5699
8.5725
8.5751
8.5777
8.5803
8.5829
8.5854
8.5880
8.5880
8.5906
8.5932
8.5958
8.5984
8.6010
8.6036
8.6062
8.6088
8.6114
8.6140
8.6166
8.6192
8.6217
8.6243
8.6268
8.6294
8.6319
8.6344
8.6369
8.6394
8.6419
8.6444
8.6468
8.6492
8.6517
8.6541
8.6564
8.6588
8.6611
8.6634
8.6657
8.6680
8.6702
8.6725
8.6747
8.6768
8.6790
8.6811
8.6832
8.6852
8.6872
8.6892
8.6912
8.6931
8.6931
8.6950
8.6970
8.6989
8.7009
8.7029
8.7050
8.7071
8.7092
8.7113
8.7135
8.7157
8.7179
8.7202
8.7224
8.7247
8.7270
8.7294
8.7317
8.7341
8.7365
8.7389
8.7413
8.7438
8.7463
8.7487
8.7512
8.7537
8.7563
8.7588
8.7613
8.7639
8.7664
8.7690
8.7716
8.7742
8.7767
8.7793
8.7819
8.7845
8.7871
8.7897
8.7923
8.7949
8.7975
8.7975
8.8001
8.8027
8.8053
8.8079
8.8105
8.8130
8.8156
8.8181
8.8207
8.8232
8.8257
8.8282
8.8307
8.8332
8.8357
8.8381
8.8405
8.8429
8.8453
8.8477
8.8501
8.8524
8.8547
8.8570
8.8593
8.8615
8.8637
8.8659
8.8681
8.8702
8.8723
8.8744
8.8765
8.8785
8.8805
8.8824
8.8844
8.8863
8.8881
8.8900
8.8917
8.8935
8.8952
8.8969
8.8969
8.8986
8.9002
8.9019
8.9035
8.9051
8.9068
8.9084
8.9101
8.9117
8.9134
8.9150
8.9167
8.9183
8.9200
8.9216
8.9233
8.9249
8.9266
8.9282
8.9299
8.9315
8.9332
8.9348
8.9365
8.9381
8.9397
8.9414
8.9430
8.9447
8.9463
8.9480
8.9496
8.9513
8.9529
8.9546
8.9562
8.9579
8.9595
8.9612
8.9628
8.9645
8.9661
8.9678
8.9694
8.9711
8.9727
8.9744
8.9760
8.9776
8.9793
8.9809
8.9826
8.9842
8.9859
8.9875
8.9892
8.9908
8.9925
8.9941
8.9958
8.9974
8.9991
9.0007
9.0024
9.0040
9.0057
9.0073
9.0090
9.0106
9.0123
9.0139
9.0155
9.0172
9.0188
9.0205
9.0221
9.0238
9.0254
9.0271
9.0287
9.0304
9.0320
9.0337
9.0353
9.0370
9.0386
9.0403
9.0419
9.0436
9.0452
9.0469
9.0485
9.0501
9.0518
9.0534
9.0551
9.0567
9.0584
9.0600
9.0617
9.0617
9.0633
9.0649
9.0665
9.0680
9.0695
9.0710
9.0724
9.0738
9.0751
9.0764
9.0776
9.0789
9.0800
9.0811
9.0822
9.0832
9.0842
9.0852
9.0861
9.0869
9.0877
9.0885
9.0892
9.0898
9.0905
9.0910
9.0916
9.0920
9.0925
9.0928
9.0932
9.0935
9.0937
9.0939
9.0940
9.0941
9.0942
9.0942
9.0941
9.0940
9.0939
9.0937
9.0934
9.0931
9.0931
9.0905
9.0879
9.0853
9.0827
9.0801
9.0775
9.0750
9.0724
9.0698
9.0672
9.0646
9.0620
9.0594
9.0568
9.0542
9.0516
9.0490
9.0464
9.0438
9.0412
9.0386
9.0360
9.0334
9.0308
9.0282
9.0256
9.0230
9.0205
9.0179
9.0153
9.0127
9.0101
9.0075
9.0049
9.0023
8.9997
