1.7
1.7
1.7
0.212418
0.209996
0.207573
0.152016
0.148434
0.144851
-0.0121352
-0.0189548
-0.0368157
-0.0439699
-0.051124
-0.254451
-0.265529
-0.276607
-0.353505
-0.366014
0.0357136
0.0307677
0.0258218
1.04099
1.0546
1.06821
1.7
1.7
1.7
1.7
1.7
1.7
1.7
1.7
1.7
1.7
1.7
1.7
1.7
1.7
-0.283661
-0.29672
-0.309779
-1.7
-1.7
-1.7
-1.7
-1.7
-1.7
-1.7
-1.7
-1.7
-1.7
-1.7
-1.7
-1.7
-1.7
-1.7
-1.7
-1.7
-1.7
-1.7
-1.7
-1.7
-1.7
-1.7
-1.7
-1.7
-1.7
-1.7
-1.7
-1.7
-1.7
-1.7
-1.7
-1.7
-1.7
-1.7
-1.7
1.7
1.7
1.7
1.7
1.7
1.7
1.7
1.7
1.7
1.7
1.7
1.7
1.7
1.7
1.7
1.7
1.7
1.7
1.7
1.7
1.7
1.7
1.7
1.7
1.7
1.7
1.7
1.7
1.7
1.7
1.7
1.7
1.7
1.7
1.7
1.7
1.7
1.7
1.7
1.7
1.7
1.7
1.7
1.7
1.7
1.7
1.7
1.7
1.7
1.7
1.7
1.7
1.7
1.7
0.626967
0.48187
0.336773
0.191675
-1.7
-1.7
-1.7
-1.7
-1.7
-1.7
-1.7
-1.7
-1.7
-1.7
-1.7
-1.7
-1.7
-1.7
-1.7
-1.7
-1.7
-1.7
-1.7
-1.7
-1.7
-1.7
-1.7
-1.7
-1.7
-1.7
-1.7
-1.7
-1.7
-1.7
-1.7
-1.7
-1.7
-1.7
-1.7
-1.7
-1.7
-1.7
-1.7
-1.7
-1.7
-1.7
-1.7
1.00401
1.08959
1.17516
1.26074
1.7
1.7
1.7
1.7
1.7
1.7
1.7
1.7
1.7
1.7
1.7
1.7
1.7
1.7
1.7
1.7
1.7
1.7
1.7
1.7
1.7
1.7
1.7
1.7
1.7
1.7
1.7
1.7
1.7
1.7
1.7
1.7
1.7
1.7
1.7
1.7
1.7
1.7
1.7
1.7
1.7
1.7
1.7
1.7
1.7
1.7
1.7
1.7
1.7
1.7
1.7
1.7
1.7
1.7
1.7
1.7
1.7
-1.47677
-1.7
-1.7
-1.7
-1.7
-1.7
-1.7
-1.7
-1.7
-1.7
-1.7
-1.7
-1.7
-1.7
-1.7
-1.7
-1.7
-1.7
-1.7
-1.7
-1.7
-1.7
-1.7
-1.7
-1.7
-1.7
-1.7
-1.7
-1.7
-1.7
-1.7
-1.7
-1.7
-1.7
-1.7
-1.7
-1.7
-1.7
-1.7
-1.7
-1.7
-1.7
-1.7
-1.7
-1.7
-1.7
-1.7
-1.7
-1.7
-1.7
-1.7
-1.7
-1.7
-1.7
1.7
1.7
1.7
1.7
1.7
1.7
1.7
1.7
-nan
1.7
1.7
1.7
1.7
1.7
1.7
1.7
1.7
1.7
1.7
1.7
1.7
1.7
1.7
1.7
1.7
1.7
1.7
1.7
1.7
1.7
1.7
1.7
1.7
1.7
1.7
1.7
1.7
1.7
1.7
1.7
1.7
1.7
1.7
1.7
1.7
1.7
1.7
1.7
1.7
1.7
1.7
1.7
1.7
1.7
1.7
1.7
1.7
1.7
1.7
1.7
1.7
1.7
0.46209
0.0816453
-0.2988
-0.679245
-1.7
-1.7
-1.7
-1.7
-1.7
-1.7
-1.7
-1.7
-1.7
-1.7
-1.7
-1.7
-1.7
-1.7
-1.7
-1.7
-1.7
-1.7
-1.7
-1.7
-1.7
-1.7
-1.7
-1.7
-1.7
-1.7
-1.7
-1.7
-1.7
-1.7
-1.7
-1.7
-1.7
-1.7
-1.7
-1.7
-1.7
-1.7
-1.7
-1.7
-1.7
-1.7
-1.7
-1.7
-1.7
-1.7
-1.7
-1.7
-1.7
0.858062
0.964911
1.07176
1.7
1.7
1.7
1.7
1.7
1.7
1.7
1.7
1.7
1.7
1.7
1.7
1.7
1.7
1.7
1.7
1.7
1.7
1.7
1.7
1.7
1.7
1.7
1.7
1.7
1.7
1.7
1.7
1.7
1.7
1.7
1.7
1.7
1.7
1.7
1.7
1.7
1.7
1.7
1.7
1.7
1.7
1.7
1.7
1.7
1.7
1.7
1.7
1.7
1.7
1.7
1.7
1.7
1.7
0.858044
0.595959
0.333874
0.0717892
-1.7
-1.7
-1.7
-1.7
-1.7
-1.7
-1.7
-1.7
-1.7
-1.7
-1.7
-1.7
-1.7
-1.7
-1.7
-1.7
-1.7
-1.7
-1.7
-1.7
-1.7
-1.7
-1.7
-1.7
-1.7
-1.7
-1.7
-1.7
-1.7
-1.7
-1.7
-1.7
-1.7
-1.7
-1.7
-1.7
-1.7
-1.7
-1.7
-1.7
-1.7
-1.7
-1.7
-1.7
-1.7
-1.7
-1.7
-1.7
-1.7
-1.7
-1.7
-1.7
-1.7
-1.7
-1.7
-1.7
-1.07742
-0.967625
-0.857828
1.7
1.7
1.7
1.7
1.7
1.7
1.7
1.7
1.7
1.7
1.7
1.7
1.7
1.7
1.7
1.7
1.7
1.7
1.7
1.7
1.7
1.7
1.7
1.7
1.7
1.7
1.7
1.7
1.7
1.7
1.7
1.7
1.7
1.7
1.7
1.7
1.7
1.7
1.7
1.7
1.7
1.7
1.7
1.7
1.7
1.7
1.7
1.7
1.7
1.7
1.7
1.7
1.7
0.806396
0.640934
0.475472
0.31001
-1.7
-1.7
-1.7
-1.7
-1.7
-1.7
-1.7
-1.7
-1.7
-1.7
-1.7
-1.7
-1.7
-1.7
-1.7
-1.7
-1.7
-1.7
-1.7
-nan
-1.7
-1.7
-1.7
-1.7
-1.7
-1.7
-1.7
-1.7
-1.7
-1.7
-1.7
-1.7
-1.7
-1.7
-1.7
-1.7
-1.7
-1.7
-1.7
-1.7
-1.7
-1.7
-1.7
-1.7
-1.7
-1.7
-1.7
-1.7
-1.7
-1.7
-1.7
-1.7
-1.7
-1.7
-1.7
-1.7
-1.7
-1.7
-1.7
-1.7
-1.7
-1.7
-1.7
-1.7
-nan
-1.7
-1.7
-1.7
-1.7
-1.7
-1.7
-1.7
-1.7
-1.7
-1.7
-1.7
-1.7
-1.7
-1.7
-1.7
-1.7
-1.7
-1.7
-1.7
-1.7
-1.7
-1.7
-1.7
-1.09513
1.7
1.7
1.7
1.7
1.7
1.7
1.7
1.7
1.7
1.7
1.7
1.7
1.7
1.7
1.7
1.7
1.7
1.7
1.7
1.7
-nan
1.7
1.7
1.7
1.7
1.7
1.7
1.7
1.7
1.7
1.7
1.7
1.7
1.7
1.7
1.7
1.7
1.7
1.7
1.7
1.7
1.7
1.7
1.7
1.7
1.7
1.7
1.7
1.7
1.7
1.7
1.7
1.7
1.7
1.7
1.7
1.7
1.7
1.7
1.7
1.7
1.7
1.7
1.7
1.7
1.7
1.7
1.7
1.7
1.7
1.7
1.7
1.7
1.7
1.7
1.7
1.7
1.7
1.7
1.7
1.7
1.7
1.7
1.7
1.7
1.7
1.7
1.7
1.7
1.7
1.7
1.7
1.7
1.7
1.7
1.7
1.7
1.7
1.7
1.7
1.7
1.7
1.7
1.7
1.7
1.42897
-1.7
-1.7
-1.7
-1.7
-nan
-1.7
-1.7
-1.7
-1.7
-1.7
-1.7
-1.7
-1.7
-1.7
-1.7
-1.7
-1.7
-1.7
-1.7
-1.7
-1.7
-1.7
-1.7
-1.7
-1.7
-1.7
-1.7
-1.7
-1.7
-1.7
-1.7
-1.7
-1.7
-1.7
-1.7
-1.7
-1.7
-1.7
-1.7
-1.7
-1.7
-1.7
-1.7
-1.7
-1.7
-1.7
-1.7
-1.7
-1.7
-1.7
-1.7
-1.7
-1.7
-1.7
-1.7
-1.7
-1.7
-1.7
-1.7
-1.7
-1.7
-1.7
1.7
1.7
1.7
1.7
1.7
1.7
1.7
1.7
1.7
1.7
1.7
1.7
1.7
1.7
1.7
1.7
1.7
1.7
1.7
1.7
1.7
1.7
1.7
1.7
1.7
1.7
1.7
1.7
1.7
1.7
1.7
1.7
1.7
1.7
1.7
1.7
1.7
1.7
1.7
1.7
1.7
1.7
1.7
1.7
1.7
1.7
1.7
1.7
1.7
1.7
1.7
1.7
1.7
1.7
1.7
1.7
1.7
1.7
1.7
1.7
1.7
1.7
1.7
1.7
1.7
1.7
1.7
1.7
1.7
1.7
1.7
1.7
1.7
1.7
1.7
1.7
1.7
1.7
1.7
1.7
1.7
1.7
1.7
1.7
1.7
1.7
1.7
1.7
-nan
1.7
1.7
1.7
1.7
1.7
1.7
1.7
1.7
1.7
1.7
-1.7
-1.7
-1.7
-1.7
-1.7
-1.7
-1.7
-1.7
-1.7
-1.7
-1.7
-1.7
-1.7
-1.7
-1.7
-1.7
-1.7
-1.7
-1.7
-1.7
-1.7
-1.7
-1.7
-1.7
-1.7
-1.7
-1.7
-1.7
-1.7
-1.7
-1.7
-1.7
-1.7
-1.7
-1.7
-1.7
-1.7
-1.7
-1.7
-1.7
-1.7
-1.7
-1.7
-1.7
-1.7
-1.7
-1.7
-1.7
-1.7
-1.7
-1.7
-1.7
-1.7
-1.7
-1.7
-1.7
-1.7
-1.7
-1.7
-1.7
-1.7
-1.7
-1.7
-1.7
-1.7
-1.7
-1.7
-1.7
-1.7
-1.7
-1.7
-1.7
-1.7
-1.7
-1.7
-1.7
-1.7
-1.7
-1.7
-1.7
-1.7
-1.7
-1.7
-1.7
-1.7
-1.7
-1.7
-1.7
-1.7
-1.7
-1.7
-1.7
-1.7
-1.7
-1.7
-1.7
-1.7
-1.7
-1.7
-1.7
-1.7
-1.7
-1.7
-1.7
-1.7
-1.7
-1.7
-1.7
-1.7
-1.7
1.16219
1.7
1.7
1.7
1.7
1.7
1.7
1.7
1.7
1.7
1.7
1.7
1.7
1.7
1.7
1.7
1.7
1.7
1.7
1.7
1.7
1.7
1.7
1.7
1.7
-nan
1.7
1.7
1.7
1.7
1.7
1.7
1.7
1.7
1.7
1.7
1.7
1.7
1.7
1.7
1.7
1.7
1.7
1.7
1.7
1.7
1.7
1.7
-1.7
-1.7
-1.7
-1.7
-1.7
-1.7
-1.7
-1.7
-1.7
-1.7
-1.7
-1.7
-1.7
-1.7
-1.7
-1.7
-1.7
-1.7
-1.7
-1.7
-1.7
-1.7
-nan
-1.7
-1.7
-1.7
-1.7
-1.7
-1.7
-1.7
-1.7
-1.7
-1.7
-1.7
-1.7
-1.7
-1.7
-1.7
-1.7
-1.7
-1.7
-1.7
-1.7
-1.7
-1.7
-1.7
-1.7
-1.7
-1.7
-1.7
-1.7
-1.7
-1.7
-1.7
-1.7
0.536537
1.7
1.7
1.7
1.7
1.7
1.7
1.7
1.7
1.7
1.7
1.7
-nan
1.7
1.7
1.7
1.7
1.7
1.7
1.7
1.7
1.7
1.7
1.7
1.7
1.7
1.7
1.7
1.7
1.7
1.7
1.7
1.7
1.7
1.7
1.7
1.7
1.7
1.7
1.7
1.7
1.7
1.7
1.7
1.7
1.7
1.7
1.7
1.7
1.7
1.7
1.7
1.7
1.7
1.7
1.7
1.7
1.7
1.7
1.7
1.7
1.7
1.7
1.7
1.7
1.7
1.7
0.409559
0.382508
0.355457
0.328406
-1.7
-1.7
-1.7
-1.7
-1.7
-1.7
-1.7
-1.7
-1.7
-1.7
-1.7
-1.7
-1.7
-1.7
-1.7
-1.7
-1.7
-1.7
-1.7
-1.7
-1.7
-1.7
-1.7
-1.7
-1.7
-1.7
-1.7
-1.7
-1.7
-1.7
-1.7
-1.7
-1.7
-1.7
-1.7
-1.7
-1.7
-1.7
-1.7
-1.7
-1.7
-1.7
-1.7
-1.7
-1.7
-1.7
-1.7
-1.7
-1.7
-1.7
-1.7
-1.7
-1.7
-1.7
-1.7
-1.7
1.7
1.7
1.7
1.7
1.7
1.7
1.7
1.7
1.7
1.7
1.7
1.7
1.7
1.7
1.7
1.7
1.7
1.7
1.7
1.7
1.7
1.7
1.7
1.7
1.7
1.7
1.7
1.7
1.7
1.7
1.7
1.7
1.7
1.7
1.7
1.7
1.7
1.7
1.7
1.7
1.7
1.7
1.7
1.7
1.7
1.7
1.7
1.7
1.7
1.7
-0.482172
-0.574418
-0.666664
-1.7
-1.7
-1.7
-1.7
-1.7
-1.7
-1.7
-1.7
-1.7
-1.7
-1.7
-1.7
-1.7
-1.7
-1.7
-1.7
-1.7
-1.7
-1.7
-1.7
-1.7
-1.7
-1.7
-1.7
-1.7
-1.7
-1.7
-1.7
-1.7
-1.7
-1.7
-1.7
-1.7
-1.7
-1.7
-1.7
-1.7
-1.7
-1.7
-1.7
-1.7
-1.7
-1.7
-1.7
-1.7
-1.7
0.951202
1.08929
1.22739
1.36548
1.7
1.7
1.7
1.7
1.7
1.7
1.7
1.7
1.7
1.7
1.7
1.7
1.7
1.7
1.7
1.7
1.7
1.7
1.7
1.7
1.7
1.7
1.7
1.7
1.7
1.7
1.7
1.7
1.7
1.7
1.7
1.7
1.7
1.7
1.7
1.7
1.7
1.7
1.7
1.7
1.7
1.7
1.7
1.7
1.7
1.7
1.7
1.7
1.7
1.7
1.7
1.7
1.7
1.7
1.7
1.7
1.7
-1.7
-1.7
-1.7
-1.7
-1.7
-1.7
-1.7
-1.7
-1.7
-1.7
-1.7
-1.7
-1.7
-1.7
-1.7
-1.7
-1.7
-1.7
-1.7
-1.7
-1.7
-1.7
-1.7
-1.7
-1.7
-1.7
-1.7
-1.7
-1.7
-1.7
-1.7
-1.7
-1.7
-1.7
-1.7
-1.7
-1.7
-1.7
-1.7
-1.7
-1.7
-1.7
-1.7
-1.7
-1.7
-1.7
-1.7
-1.7
-1.7
-1.7
-1.7
-1.7
-1.7
-1.7
-1.7
-1.7
-1.7
-1.7
-1.7
-1.7
1.51507
1.7
1.7
1.7
1.7
1.7
1.7
1.7
1.7
1.7
1.7
1.7
1.7
1.7
1.7
1.7
1.7
1.7
1.7
1.7
1.7
1.7
1.7
1.7
1.7
1.7
1.7
1.7
1.7
1.7
1.7
1.7
1.7
1.7
1.7
1.7
1.7
1.7
1.7
1.7
1.7
1.7
1.7
1.7
1.7
1.7
1.7
1.7
1.7
1.7
1.7
1.7
1.7
1.7
1.7
1.7
1.7
1.7
1.7
1.7
1.7
1.7
1.7
1.7
1.7
1.7
1.7
-1.7
-1.7
-nan
-1.7
-1.7
-1.7
-1.7
-1.7
-1.7
-1.7
-1.7
-1.7
-1.7
-1.7
-1.7
-1.7
-1.7
-1.7
-1.7
-1.7
-1.7
-1.7
-1.7
-1.7
-1.7
-1.7
-1.7
-1.7
-1.7
-1.7
-1.7
-1.7
-1.7
-1.7
-1.7
-1.7
-1.7
-1.7
-1.7
-1.7
-1.7
-1.7
-1.7
-1.7
-1.7
-1.7
-1.7
-1.7
-1.7
-1.7
-1.7
-1.7
-1.7
-1.7
-1.7
-1.7
1.18846
1.4764
1.7
1.7
1.7
1.7
1.7
1.7
1.7
1.7
1.7
1.7
1.7
1.7
1.7
1.7
1.7
1.7
1.7
1.7
1.7
1.7
1.7
1.7
1.7
1.7
1.7
1.7
1.7
1.7
1.7
1.7
1.7
1.7
1.7
1.7
1.7
1.7
1.7
1.7
1.7
1.7
1.7
1.7
1.7
1.7
1.7
1.7
1.7
1.7
1.7
1.7
1.7
1.7
1.7
1.7
1.7
1.7
1.7
1.7
1.7
1.7
1.7
1.7
1.7
1.7
1.7
1.7
1.7
1.7
1.7
1.7
1.7
1.7
1.7
1.7
1.7
1.7
1.7
1.7
1.7
1.7
1.7
1.7
1.7
1.7
1.7
1.7
1.7
1.7
1.7
1.7
-nan
1.7
1.7
1.7
1.7
1.7
1.7
1.7
1.7
1.7
1.7
1.7
1.7
1.7
1.7
1.7
1.7
1.7
1.7
1.7
1.7
1.7
1.7
1.7
1.7
1.7
1.7
1.7
1.7
1.7
1.7
1.7
1.7
1.7
1.7
1.7
1.7
1.7
1.7
1.7
1.7
1.7
1.7
1.7
1.7
-nan
1.7
1.7
1.7
1.7
1.7
1.7
-1.7
-1.7
-1.7
-1.7
-1.7
-1.7
-1.7
-1.7
-1.7
-1.7
-1.7
-1.7
-1.7
-1.7
-1.7
-1.7
-1.7
-1.7
-1.7
-1.7
-1.7
-1.7
-1.7
-1.7
-1.7
-1.7
-1.7
-1.7
-1.7
-1.7
-1.7
-1.7
-1.7
-1.7
-1.7
-1.7
-1.7
-1.7
-1.7
-1.7
-1.7
-1.7
-1.7
-1.7
-1.7
-1.7
-1.7
-1.7
-1.7
-1.7
-1.7
-1.7
-1.7
-1.7
-1.7
-1.7
-1.7
-1.7
-1.7
-1.7
-1.7
-1.7
-1.7
-1.7
-1.7
-1.7
-1.7
-1.7
-1.7
-1.7
-1.7
-1.7
-1.7
-1.7
-1.7
-1.7
-1.7
-1.7
-1.7
-1.7
1.46949
1.7
1.7
1.7
1.7
1.7
1.7
1.7
1.7
1.7
1.7
1.7
1.7
1.7
-nan
1.7
1.7
1.7
1.7
1.7
1.7
1.7
1.7
1.7
1.7
1.7
1.7
1.7
1.7
1.7
1.7
1.7
1.7
1.7
1.7
1.7
1.7
1.7
1.7
1.7
1.7
1.7
1.7
1.7
1.7
1.7
1.7
1.7
1.7
1.7
1.7
1.7
1.7
1.7
1.7
1.7
1.7
1.7
1.7
1.7
1.7
1.7
1.7
1.7
1.7
1.7
1.7
1.7
1.7
1.7
1.7
1.7
1.7
1.7
1.7
1.7
1.7
1.7
1.7
1.7
1.7
1.7
1.7
1.7
1.7
1.7
1.7
1.7
1.7
1.7
1.7
1.7
1.7
1.7
1.7
1.7
1.7
1.7
1.7
1.7
1.7
1.7
1.7
1.7
-nan
1.7
1.7
1.7
1.7
1.7
1.7
1.7
1.7
1.7
1.7
1.7
1.7
1.7
1.7
1.7
1.7
1.7
1.7
1.7
1.7
1.7
1.7
-1.7
-1.7
-1.7
-1.7
-1.7
-1.7
-1.7
-1.7
-1.7
-1.7
-1.7
-1.7
-1.7
-1.7
-1.7
-1.7
-1.7
-1.7
-1.7
-1.7
-1.7
-1.7
-1.7
-1.7
-1.7
-1.7
-1.7
-1.7
-1.7
-1.7
-1.7
-1.7
-1.7
-1.7
-1.7
-1.7
-1.7
-1.7
-1.7
-1.7
-1.7
-1.7
-1.7
-1.7
-1.7
-1.7
-1.7
-1.7
-1.7
-1.7
-1.7
-1.7
-1.7
-1.7
-1.7
-1.7
-1.7
-1.7
-1.7
-1.7
-1.7
-1.7
-1.7
-1.7
-1.7
-1.7
-1.7
-1.7
-1.7
-1.7
-1.7
-1.7
-1.7
-1.7
-1.7
-1.7
-1.7
-1.7
-1.7
-1.7
-1.7
-1.7
-1.7
-1.7
-1.7
-1.7
-1.7
-1.7
-1.7
-1.7
-1.7
-1.7
0.603757
1.7
1.7
1.7
1.7
1.7
1.7
1.7
1.7
1.7
1.7
1.7
1.7
1.7
1.7
1.7
1.7
1.7
1.7
1.7
1.7
1.7
1.7
1.7
1.7
1.7
1.7
1.7
1.7
1.7
1.7
1.7
1.7
1.7
1.7
1.7
1.7
1.7
1.7
1.7
1.7
1.7
1.7
1.7
1.7
1.7
1.7
1.7
1.7
1.7
1.7
1.7
1.7
1.7
1.7
1.7
1.7
1.7
1.7
1.7
1.7
1.7
1.7
1.7
1.7
1.7
1.7
1.7
1.7
1.7
1.7
1.7
1.7
1.7
1.7
1.7
-nan
1.7
1.7
1.7
1.7
1.7
1.7
1.7
1.7
1.7
1.7
1.7
1.7
1.7
1.7
1.7
1.7
1.7
1.7
1.7
-1.7
-1.7
-1.7
-1.7
-1.7
-1.7
-1.7
-1.7
-1.7
-1.7
-1.7
-1.7
-1.7
-1.7
-1.7
-1.7
-1.7
-1.7
-1.7
-1.7
-1.7
-1.7
-1.7
-1.7
-1.7
-1.7
-1.7
-1.7
-1.7
-1.7
-1.7
-1.7
-1.7
-1.7
-1.7
-1.7
-1.7
-1.7
-1.7
-1.7
-1.7
-1.7
-1.7
-1.7
-1.7
-1.7
-1.7
-1.7
-1.7
-1.7
-1.7
-1.7
-1.7
-1.7
-1.7
-1.7
-1.7
-1.7
-1.7
-1.7
-1.7
-1.7
-1.7
-1.7
-1.7
-1.7
-1.7
-1.7
-1.7
-1.7
-1.7
-1.7
-1.7
-1.7
-1.7
-1.7
-1.7
-1.7
-1.7
-1.7
-1.7
-1.7
-1.7
-1.7
-1.7
-1.7
-1.7
-1.7
-1.7
-1.7
-1.7
-1.7
-1.7
-1.7
-1.7
-1.7
-1.7
-1.7
-1.7
-1.7
-1.7
-1.7
-1.7
-1.7
-1.7
-1.7
-1.7
-1.7
-1.7
-1.7
1.7
1.7
1.7
1.7
1.7
1.7
1.7
1.7
1.7
1.7
1.7
1.7
1.7
1.7
1.7
1.7
1.7
1.7
1.7
1.7
1.7
1.7
1.7
1.7
1.7
1.7
1.7
1.7
1.7
1.7
1.7
1.7
1.7
1.7
1.7
1.7
1.7
1.7
1.7
1.7
1.7
1.7
1.7
1.7
1.7
1.7
1.7
1.7
1.7
1.7
1.7
1.7
1.7
1.7
1.7
1.7
1.7
1.7
1.7
1.7
1.7
1.7
1.7
1.7
1.7
1.7
1.7
1.7
1.7
1.7
1.7
1.7
1.7
1.7
1.7
1.7
1.7
1.7
1.7
1.7
1.7
1.7
1.7
1.7
1.7
1.7
1.7
1.7
1.7
1.7
1.7
1.7
1.7
1.7
1.7
1.7
1.7
1.7
1.7
1.7
1.7
1.7
1.7
1.7
1.7
1.7
1.7
1.7
1.7
-1.7
-1.7
-1.7
-1.7
-1.7
-1.7
-1.7
-1.7
-1.7
-1.7
-1.7
-1.7
-1.7
-1.7
-1.7
-1.7
-1.7
-1.7
-1.7
-1.7
-1.7
-1.7
-1.7
-1.7
-1.7
-1.7
-1.7
-1.7
-1.7
-1.7
-1.7
-1.7
-1.7
-1.7
-1.7
-1.7
-1.7
-1.7
-1.7
-1.7
-1.7
-1.7
-1.7
-1.7
-1.7
-1.7
-1.7
-1.7
-1.7
-1.7
-1.7
-1.7
-1.7
-1.7
-1.7
-1.7
-1.7
-1.7
-1.7
-1.7
-1.7
-1.7
-1.7
-1.7
-1.7
-1.7
-1.7
-1.7
-1.7
-1.7
-1.7
-1.7
-1.7
-1.7
-1.7
-1.7
-1.7
-1.7
-1.7
-1.7
-1.7
0.244992
1.7
1.7
1.7
1.7
1.7
1.7
1.7
1.7
1.7
1.7
1.7
1.7
1.7
1.7
1.7
1.7
1.7
1.7
1.7
1.7
1.7
1.7
1.7
1.7
1.7
1.7
1.7
1.7
1.7
1.7
1.7
1.7
1.7
1.7
1.7
1.7
1.7
1.7
1.7
1.7
1.7
1.7
1.7
1.7
1.7
1.7
1.7
1.7
1.7
1.7
1.7
1.7
1.7
1.7
1.7
1.7
1.7
1.7
1.7
1.7
1.7
1.7
1.7
1.7
1.7
1.7
1.7
1.7
1.7
1.7
1.7
1.7
1.7
1.7
1.7
1.7
1.7
1.7
1.7
1.7
1.7
1.7
1.7
1.7
1.7
1.7
1.7
1.7
1.7
1.7
1.7
1.7
1.7
1.7
1.7
1.7
1.7
1.7
1.7
1.7
1.7
1.7
1.7
1.7
1.7
1.7
1.7
1.7
1.7
-1.7
-1.7
-1.7
-1.7
-1.7
-1.7
-1.7
-1.7
-1.7
-1.7
-1.7
-1.7
-1.7
-1.7
-1.7
-1.7
-1.7
-1.7
-1.7
-nan
-1.7
-1.7
-1.7
-1.7
-1.7
-1.7
-1.7
-1.7
-1.7
-1.7
-1.7
-1.7
-1.7
-1.7
-1.7
-1.7
-1.7
-1.7
-1.7
-1.7
-1.7
-1.7
-1.7
-1.7
-1.7
-1.7
-1.7
-1.7
-1.7
-1.7
1.7
1.7
1.7
1.7
1.7
1.7
1.7
1.7
1.7
1.7
1.7
1.7
1.7
1.7
1.7
1.7
1.7
1.7
1.7
1.7
1.7
1.7
1.7
1.7
1.7
1.7
1.7
1.7
1.7
1.7
1.7
1.7
1.7
1.7
1.7
1.7
1.7
1.7
1.7
1.7
1.7
1.7
1.7
1.7
1.7
1.7
1.7
1.7
1.7
1.7
1.7
1.7
1.7
1.7
1.7
1.7
1.7
1.7
1.7
1.7
1.7
1.7
1.7
1.7
1.7
1.7
1.7
1.7
1.7
1.7
1.7
-1.04761
-1.7
-1.7
-1.7
-1.7
-1.7
-1.7
-1.7
-1.7
-1.7
-1.7
-1.7
-1.7
-1.7
-1.7
-1.7
-1.7
-1.7
-1.7
-1.7
-1.7
-1.7
-1.7
-1.7
-1.7
-1.7
-1.7
-1.7
-1.7
-1.7
-1.7
-1.7
-1.7
-1.7
-1.7
-1.7
-1.7
-1.7
-1.7
-1.7
-1.7
-1.7
-1.7
-1.7
-nan
-1.7
-1.7
-1.7
-1.7
-1.7
-1.7
-1.7
-1.7
-1.7
-1.7
-1.7
-1.7
-1.7
-1.7
-1.7
-1.7
-1.7
-1.7
-1.7
-1.7
-1.7
-1.7
-1.7
-1.7
-1.7
-1.7
-1.7
-1.7
-1.7
-1.7
-1.7
-1.7
-1.7
-1.7
-1.7
-1.7
-1.7
-1.7
-1.7
-1.7
-1.7
-1.7
-1.7
-1.7
-nan
-1.7
-1.7
-1.7
-1.7
-1.7
-1.7
-1.7
-1.7
-0.415313
1.7
1.7
1.7
1.7
1.7
1.7
1.7
1.7
1.7
1.7
1.7
1.7
1.7
1.7
1.7
1.7
1.7
1.7
1.7
1.7
1.7
1.7
1.7
1.7
1.7
1.7
1.7
1.7
1.7
1.7
1.7
1.7
1.7
1.7
1.7
1.7
1.7
1.7
1.7
1.7
1.7
1.7
1.7
1.7
1.7
1.7
1.7
1.7
1.7
1.7
1.7
1.7
1.7
1.7
1.7
1.7
1.7
1.7
1.7
1.7
1.7
1.7
1.7
1.7
1.7
1.7
1.7
1.7
1.7
1.7
1.7
1.7
1.7
1.7
1.7
1.7
1.7
1.7
1.7
1.7
1.7
1.7
1.7
1.7
1.7
1.7
1.7
1.7
1.7
1.7
1.7
1.7
1.7
1.7
1.7
1.7
1.7
1.7
1.7
1.7
1.7
1.7
1.7
1.7
1.7
1.7
1.7
1.7
1.7
1.7
1.7
1.7
1.7
1.7
1.7
1.7
1.7
1.7
1.7
1.7
1.7
1.7
1.7
1.7
1.7
1.7
1.7
1.7
1.7
1.7
1.7
-1.55668
-1.7
-1.7
-1.7
-1.7
-nan
-1.7
-1.7
-1.7
-1.7
-1.7
-1.7
-1.7
-1.7
-1.7
-1.7
-1.7
-1.7
-1.7
-1.7
-1.7
-1.7
-1.7
-1.7
-1.7
-1.7
-1.7
-1.7
-1.7
-1.7
-1.7
-1.7
-1.7
-1.7
-1.7
-1.7
-1.7
-1.7
-1.7
-1.7
-1.7
-1.7
-1.7
-1.7
-1.7
-1.7
-1.7
-1.7
-1.7
-1.7
-1.7
-1.7
-1.7
-1.7
-1.7
-1.7
-1.7
-1.7
-1.7
-1.7
-1.7
-1.7
-1.7
-1.7
-1.7
-1.7
-1.7
-1.7
-1.7
-1.7
-1.7
-1.7
-1.7
-1.7
-1.7
-1.7
-1.7
-1.7
-1.7
-1.7
-1.7
-1.7
-1.7
-1.7
-1.7
-1.7
-1.7
-1.7
-1.7
-1.7
-1.7
-1.7
-1.7
-1.7
-1.7
-nan
-1.7
-1.7
-1.7
-1.7
-1.7
-1.7
-1.7
-1.7
-1.7
-1.7
-1.7
-1.7
-1.7
-1.7
-1.7
-1.7
-1.7
-1.7
-1.7
-1.7
-1.7
-1.7
-1.7
-1.7
-1.7
-1.7
-1.7
-1.7
-1.7
-1.7
-1.7
-1.7
-1.7
-1.7
-1.7
-1.7
-1.7
-1.7
-1.7
-1.7
-1.7
-1.7
-1.7
-1.7
-1.7
-1.7
-1.7
-1.7
-1.7
-1.7
-1.7
-1.7
-1.7
-1.7
-1.7
-1.7
-1.7
-1.7
-1.7
-1.7
-1.7
-1.7
-1.7
-1.7
-1.7
-1.7
-1.7
-1.7
-1.7
-1.7
-1.7
-1.7
-1.7
-1.7
-1.7
-1.7
-1.7
-1.7
-1.7
-1.7
-1.7
-1.7
-1.7
-1.7
-1.7
-1.7
-1.7
-1.7
-1.7
-1.7
-1.7
-1.7
-1.7
-1.7
-1.7
-1.7
-1.7
-1.7
-1.7
-1.7
-1.7
-1.7
-1.7
-1.7
-1.7
-1.7
-1.7
-1.7
-1.7
-1.7
-1.7
1.7
1.7
1.7
1.7
1.7
1.7
1.7
1.7
1.7
1.7
1.7
1.7
1.7
1.7
1.7
1.7
1.7
1.7
1.7
1.7
1.7
1.7
1.7
1.7
1.7
1.7
1.7
1.7
1.7
1.7
1.7
1.7
1.7
1.7
-nan
1.7
1.7
1.7
1.7
1.7
1.7
1.7
1.7
1.7
1.7
1.7
1.7
1.7
1.7
1.7
1.7
1.7
1.7
1.7
1.7
1.7
1.7
1.7
1.7
1.7
1.7
1.7
1.7
1.7
1.7
1.7
1.7
0.0600386
-0.616818
-1.7
-1.7
-1.7
-1.7
-1.7
-1.7
-1.7
-1.7
-1.7
-1.7
-1.7
-1.7
-1.7
-1.7
-1.7
-1.7
-1.7
-1.7
-1.7
-1.7
-1.7
-1.7
-1.7
-1.7
-1.7
-1.7
-1.7
-1.7
-1.7
-1.7
-1.7
-1.7
-1.7
-1.7
-1.7
-1.7
-1.7
-1.7
-1.7
-1.7
-1.7
-1.7
-1.7
-1.7
-1.7
-1.7
-1.7
-1.7
-1.7
-1.7
-1.7
-1.7
-1.7
-1.7
-1.7
-1.7
-1.7
-1.7
-1.7
-1.7
-1.7
1.7
1.7
1.7
1.7
1.7
-nan
1.7
1.7
1.7
1.7
1.7
1.7
1.7
1.7
1.7
1.7
1.7
1.7
1.7
1.7
1.7
1.7
1.7
1.7
1.7
1.7
1.7
1.7
1.7
1.7
1.7
1.7
1.7
1.7
1.7
1.7
1.7
1.7
1.7
1.7
1.7
1.7
1.7
1.7
1.7
1.7
1.7
1.7
1.7
1.7
1.7
1.7
1.7
1.7
1.7
1.7
1.7
1.7
1.7
1.7
1.7
1.7
1.7
1.7
1.7
1.7
1.7
1.7
1.7
1.7
1.7
1.7
1.7
1.7
1.7
1.7
1.7
1.7
1.7
1.7
1.7
1.7
1.7
1.7
1.7
1.7
1.7
1.7
1.7
1.7
1.7
1.7
1.7
1.7
1.7
1.7
1.7
1.7
1.7
1.7
1.7
1.7
1.7
1.7
1.7
1.7
1.7
1.7
1.7
1.7
1.7
1.7
1.7
1.7
1.7
1.7
1.7
1.7
1.7
1.7
1.7
1.7
1.7
1.7
1.7
1.7
1.7
1.7
1.7
1.7
1.7
1.7
1.7
1.7
1.7
1.7
1.7
1.7
1.7
1.7
1.7
1.7
1.7
1.7
1.7
1.7
1.7
1.7
1.7
1.7
-1.7
-1.7
-1.7
-1.7
-1.7
-1.7
-1.7
-1.7
-1.7
-1.7
-1.7
-1.7
-1.7
-1.7
-1.7
-1.7
-1.7
-1.7
-1.7
-1.7
-1.7
-1.7
-1.7
-1.7
-1.7
-1.7
-1.7
-1.7
-1.7
-1.7
-1.7
-1.7
-1.7
-1.7
-1.7
-1.7
-1.7
-1.7
-1.7
-1.7
-1.7
-1.7
-1.7
-1.7
-1.7
-1.7
-nan
-1.7
-1.7
-1.7
-1.7
-1.7
-1.7
-1.7
-1.7
-1.7
-1.7
-1.7
-1.7
-1.7
-1.7
-1.7
-1.7
-1.7
1.52787
-0.00250487
-1.36188
-1.7
1.7
1.7
1.7
1.7
1.7
1.7
1.7
1.7
1.7
1.7
1.7
1.7
1.7
1.7
1.7
1.7
1.7
1.13644
-1.20911
-1.7
-1.7
-1.7
-1.7
-nan
-1.7
-1.7
-1.7
-1.7
-1.7
-1.7
-1.7
-1.7
-1.7
1.7
1.7
1.7
1.7
1.7
1.7
1.7
1.7
1.7
1.7
1.7
1.7
1.7
1.7
1.7
1.7
1.7
1.7
1.7
1.7
1.7
1.7
1.7
1.7
1.7
1.7
1.7
1.7
1.7
1.7
1.7
1.7
1.7
1.7
1.7
-nan
1.7
1.7
1.7
1.7
1.7
1.7
1.7
1.7
1.7
1.7
1.7
1.7
1.7
1.7
-0.222167
-1.54113
-1.7
-1.7
-1.7
-1.7
-1.7
-1.7
-1.7
-1.7
-1.7
-1.7
-1.7
-1.7
-1.7
-1.7
-1.7
-1.7
-1.7
-1.7
-1.7
-1.7
-1.7
-1.7
-1.7
-1.7
-1.7
-1.7
-1.7
-1.7
-nan
-1.7
-1.7
-1.7
-1.7
-1.7
-1.7
-1.7
-1.7
-1.7
-1.7
-1.7
-1.7
-1.7
-1.7
-1.7
-1.7
-1.7
-1.7
-1.7
-1.7
-1.7
-1.7
-1.7
-1.7
-1.7
-1.7
-1.7
-1.7
-1.7
-1.7
-1.7
-1.7
-1.7
-1.7
-1.7
-1.7
-1.7
-1.7
-1.7
-1.7
-1.7
-1.7
-1.7
-1.7
-1.7
-1.7
-1.7
-1.7
-1.7
-1.7
-1.7
-1.7
-1.7
-1.7
-1.7
-1.7
-1.7
-1.7
-1.7
-1.7
-1.7
-1.7
-1.7
-1.7
-1.7
-1.7
-1.7
-1.7
-1.7
-1.7
-1.7
-1.7
-1.7
-1.7
-1.7
-1.7
-1.7
-1.7
-1.7
-1.7
-1.7
-1.7
1.7
1.7
1.7
1.7
1.7
1.7
1.7
1.7
1.7
1.7
1.7
1.7
1.7
1.7
1.7
1.7
1.7
1.7
-nan
1.7
1.7
1.7
1.7
1.7
1.7
1.7
1.7
1.7
1.7
1.7
1.7
1.7
1.7
1.7
1.7
1.7
1.7
1.7
1.7
1.7
1.7
1.7
1.7
1.7
1.7
1.7
1.7
1.7
1.7
1.7
1.7
1.7
1.7
1.7
1.7
1.7
1.7
1.7
1.7
1.7
1.7
1.7
1.7
1.7
1.7
1.7
1.7
1.7
1.7
1.7
1.7
1.7
1.7
1.7
1.7
1.7
1.7
1.7
1.7
1.7
1.7
1.7
1.7
1.7
1.7
1.7
1.7
1.7
-1.7
-1.7
-1.7
-1.7
-1.7
-1.7
-1.7
-1.7
-1.7
-1.7
-1.7
-1.7
-1.7
-1.7
-1.7
-1.7
-1.7
-1.7
-1.7
-1.7
-1.7
-1.7
-1.7
-1.7
-1.7
-1.7
-1.7
-1.7
-1.7
-1.7
-1.7
-nan
-1.7
-1.7
-1.7
-1.7
-1.7
-1.7
-1.7
-1.7
-1.7
-1.7
-1.7
-1.7
-1.7
-1.7
-1.7
-1.7
-1.7
-1.7
-1.7
-1.7
-1.7
-1.7
-1.7
-1.7
-1.7
-1.7
-1.7
-1.7
-1.7
-1.7
-1.7
-1.7
-1.7
-1.7
-1.7
-1.7
-1.7
-1.7
-1.7
-1.7
-1.7
-1.7
-1.7
-1.7
-1.7
-1.7
-1.7
-1.7
-1.7
-1.7
-1.7
-1.7
1.7
1.7
1.7
1.7
1.7
1.7
1.7
1.7
1.7
1.7
1.7
1.7
1.7
1.7
1.7
1.7
1.7
1.7
1.7
1.7
1.7
1.7
1.7
1.7
1.7
1.7
1.7
1.7
1.7
1.7
1.7
1.7
1.7
1.7
1.7
1.7
1.7
1.7
1.7
1.7
1.7
1.7
1.7
1.7
1.7
1.7
1.7
1.7
1.7
1.7
1.7
1.7
1.7
1.7
1.7
1.7
1.7
1.7
1.7
1.7
1.7
1.7
1.7
1.7
1.7
1.7
1.7
1.7
1.7
1.7
1.7
1.7
1.7
1.7
1.7
-1.7
-1.7
-1.7
-1.7
-1.7
-1.7
-1.7
-1.7
-1.7
-1.7
-1.7
-1.7
-1.7
-1.7
-1.7
-1.7
-1.7
-1.7
-1.7
-1.7
-1.7
-1.7
-1.7
-1.7
-1.7
-1.7
-1.7
-1.7
-1.7
-1.7
-1.7
-1.7
-1.7
-1.7
-1.7
-1.7
-1.7
-1.7
-1.7
-1.7
-1.7
-1.7
-1.7
-1.7
-1.7
-1.7
-1.7
-1.7
-1.7
-1.7
-1.7
-1.7
-1.7
-1.7
-1.7
-1.7
-1.7
-1.7
-1.7
-1.7
-1.7
-1.7
-1.7
-1.7
-1.7
-1.7
-1.7
-1.7
-1.7
-1.7
-1.7
-1.7
-1.7
-1.7
-1.7
-1.7
-1.7
-1.7
-1.7
-1.7
-1.7
-1.7
-1.7
-1.7
-1.7
-1.7
-1.04025
1.7
1.7
1.7
1.7
1.7
1.7
1.7
1.7
1.7
1.7
1.7
1.7
1.7
1.7
1.7
1.7
1.7
1.7
1.7
1.7
1.7
1.7
1.7
1.7
1.7
1.7
1.7
1.7
1.7
1.7
1.7
1.7
1.7
1.7
1.7
1.7
1.7
1.7
1.7
1.7
1.7
1.7
1.7
1.7
1.7
1.7
1.7
1.7
1.7
1.7
1.7
1.7
1.7
1.7
1.7
1.7
1.7
1.7
1.7
1.7
1.7
1.7
1.7
1.7
1.7
1.7
1.7
1.7
1.7
1.7
1.7
1.7
1.7
1.7
1.7
1.7
1.7
1.7
1.7
1.7
1.7
1.7
1.7
1.7
1.7
1.7
1.7
1.7
1.7
1.7
1.7
1.7
1.7
1.7
1.7
1.7
1.7
1.7
1.7
1.7
1.7
1.7
1.7
1.7
1.7
1.7
1.7
1.7
1.7
1.7
1.7
1.7
1.7
1.7
1.7
1.7
1.7
1.7
1.7
1.7
1.7
1.7
1.7
1.7
1.7
1.7
1.7
1.7
1.7
1.7
1.7
1.7
1.7
-nan
1.7
1.7
1.7
1.7
1.7
1.7
1.7
1.7
1.7
1.7
1.7
1.7
1.7
1.7
1.7
1.7
1.7
1.7
1.7
0.660702
-1.7
-1.7
-1.7
-1.7
-1.7
-1.7
-1.7
-1.7
-1.7
-1.7
-1.7
-1.7
-1.7
-1.7
-1.7
-1.7
-1.7
-1.7
-1.7
-1.7
-1.7
-1.7
-1.7
-1.7
-1.7
-1.7
-1.7
-1.7
-1.7
-1.7
-1.7
-1.7
-1.7
-1.7
-1.7
-1.7
-1.7
-1.7
-1.7
-1.7
-1.7
-1.7
-1.7
-1.7
-1.7
-1.7
-1.7
-1.7
-1.7
-1.7
-1.7
-1.7
-1.7
-1.7
-1.7
-1.7
-1.7
-1.7
-1.7
-1.7
-1.7
-1.7
-1.7
-1.7
-1.7
-1.7
-1.7
-1.7
-1.7
-nan
-1.7
-1.7
-1.7
-1.7
-1.7
-1.7
-1.7
-1.7
-1.7
-1.7
-1.7
-1.7
-1.7
-1.7
-1.7
1.7
1.7
1.7
1.7
1.7
1.7
1.7
1.7
1.7
1.7
1.7
1.7
1.7
1.7
1.7
1.7
1.7
1.7
1.7
1.7
1.7
1.7
1.7
1.7
1.7
1.7
1.7
1.7
1.7
1.7
1.7
1.7
1.7
1.7
1.7
1.7
1.7
1.7
1.7
1.7
1.7
1.7
1.7
1.7
1.7
1.7
1.7
1.7
1.7
1.7
1.7
1.7
1.7
1.7
1.7
1.7
0.55542
1.23838
1.7
-1.7
-1.7
-1.7
-1.7
-1.7
-1.7
-1.7
-1.7
-1.7
-1.7
-1.7
-1.7
-1.7
-1.7
-1.7
-1.7
-1.7
-1.7
-1.7
-1.7
-1.7
-1.7
-1.7
-1.7
-1.7
-1.7
-nan
-1.7
-1.7
-1.7
-1.7
-1.7
-1.7
-1.7
-1.7
-1.7
-1.7
-1.7
-1.7
-1.7
-1.7
-1.7
-1.7
-1.7
-1.7
-1.7
-1.7
-1.7
-1.7
-1.7
-1.7
-1.7
-1.7
-1.7
-1.7
-1.7
-1.7
-1.7
-1.7
-1.7
-1.7
-1.7
-1.7
-1.7
-1.7
-1.7
-1.7
-1.7
-1.7
-1.7
-1.7
-1.7
-1.7
-1.7
-1.7
-1.7
-1.7
-1.7
-1.7
-1.7
-1.7
-1.7
-1.7
-1.7
-1.7
-1.7
-1.7
-1.7
-1.7
-1.7
-1.7
-1.7
-1.7
-1.7
-1.7
-1.7
-1.7
-1.7
-1.7
-1.7
-1.7
-1.7
-1.7
-1.7
-1.7
-1.7
-1.7
-1.7
-1.7
-1.7
-1.7
-1.7
-1.7
-1.7
-1.7
-1.7
-nan
-1.7
-1.7
-1.7
-1.7
-1.7
-1.7
-1.7
-1.7
-1.7
-1.7
-1.7
-1.7
-1.7
-1.7
-1.7
-1.7
-1.7
-1.7
1.7
1.7
1.7
1.7
1.7
1.7
1.7
1.7
1.7
1.7
1.7
1.7
1.7
1.7
1.7
1.7
1.7
1.7
1.7
1.7
1.7
1.7
1.7
1.7
1.7
1.7
1.7
1.7
1.7
1.7
1.7
1.7
1.7
1.7
1.7
1.7
1.7
1.7
1.7
1.7
1.7
1.7
1.7
1.7
1.7
1.7
1.7
1.7
1.7
1.7
1.7
1.7
1.7
1.7
1.7
1.7
1.7
1.7
1.7
1.7
1.7
1.7
1.7
1.7
1.7
1.7
1.7
1.7
1.7
1.7
1.7
1.7
1.7
1.7
1.7
1.7
1.7
1.7
1.7
1.7
1.7
1.7
-nan
1.7
-0.975298
-1.7
-1.7
-1.7
-1.7
-1.7
-1.7
-1.7
-1.7
-1.7
-1.7
-1.7
-1.7
-1.7
-1.7
-1.7
-1.7
-1.7
-1.7
-1.7
-1.7
-1.7
-1.7
-1.7
-1.7
-1.7
-1.7
-1.7
-1.7
-1.7
-1.7
-1.7
-1.7
-1.7
-1.7
-1.7
-1.7
-1.7
-1.7
-1.7
-1.7
-1.7
-1.7
-1.7
-1.7
-1.7
-1.7
-1.7
-1.7
-1.7
-1.7
-1.7
-1.7
-1.7
-1.7
-1.7
-1.7
-1.7
-1.7
-1.7
-1.7
-1.7
-1.7
-1.7
-1.7
-1.7
-1.7
-1.7
-1.7
-1.7
-0.688456
1.7
1.7
1.7
1.7
1.7
1.7
1.7
1.7
1.7
1.7
1.7
1.7
1.7
1.7
1.7
1.7
1.7
1.7
1.7
1.7
1.7
1.7
1.7
1.7
1.7
1.7
1.7
1.7
-nan
1.7
1.7
1.7
1.7
1.7
1.7
1.7
1.7
1.7
1.7
1.7
1.7
1.7
1.7
1.7
1.7
1.7
1.7
1.7
1.7
1.7
1.7
1.7
1.7
1.7
1.7
0.981415
-1.7
-1.7
-1.7
-1.7
-1.7
-1.7
-1.7
-1.7
-1.7
-1.7
-1.7
-1.7
-1.7
-1.7
-1.7
-1.7
-1.7
-1.7
-1.7
-1.7
-1.7
-1.7
-1.7
-1.7
-1.7
-1.7
-1.7
-1.7
-1.7
-1.7
-1.7
-1.7
-1.7
-1.7
-1.7
-1.7
-1.7
-1.7
-1.7
-1.7
-1.7
-1.7
-1.7
-1.7
-1.7
-1.7
-1.7
-1.7
-1.7
-1.7
-1.7
-1.7
-1.7
-1.7
-1.7
-1.7
-1.7
1.7
1.7
1.7
1.7
1.7
1.7
1.7
1.7
1.7
1.7
1.7
1.7
1.7
1.7
1.7
1.7
-nan
1.7
1.7
1.7
1.7
1.7
1.7
1.7
1.7
1.7
1.7
1.7
1.7
1.7
1.7
1.7
1.7
1.7
1.7
1.7
1.7
1.7
1.7
1.7
1.7
1.7
1.7
1.7
1.7
1.7
1.7
1.7
1.7
1.7
1.7
1.7
1.7
1.7
1.7
1.7
1.7
1.7
1.7
1.7
1.7
1.7
1.7
1.7
1.7
1.7
1.7
1.7
1.7
1.7
1.7
1.7
1.7
1.7
1.7
1.7
1.7
1.7
1.7
1.7
1.7
1.7
1.7
1.7
1.7
1.7
1.7
1.7
1.7
1.7
1.7
1.7
1.7
1.7
1.7
0.902539
-0.494284
-1.7
-1.7
-1.7
-1.7
-1.7
-1.7
-1.7
-1.7
-1.7
-1.7
-1.7
-1.7
-1.7
-1.7
-1.7
-1.7
-1.7
-1.7
-1.7
-1.7
-1.7
-1.7
-1.7
-1.7
-1.7
-1.7
-1.7
-1.7
-1.7
-1.7
-1.7
-1.7
-1.7
-1.7
-1.7
-1.7
-1.7
-1.7
-1.7
-1.7
-1.7
-1.7
-1.7
-1.7
-1.7
-1.7
-1.7
-1.7
-1.7
-1.7
-1.7
-1.7
-1.7
-1.7
-1.7
-1.7
-1.7
-1.7
-1.7
-1.7
-1.7
-1.7
-1.7
-1.7
-1.7
-1.7
-1.7
-1.7
-1.7
-1.7
-1.7
-1.7
-1.7
-1.7
-1.7
-1.7
-1.7
-1.7
-1.7
-1.7
-1.7
-1.7
-1.7
-1.7
-1.7
1.7
1.44472
1.14274
0.847386
1.7
1.7
1.7
1.7
1.7
1.7
1.7
1.7
1.7
1.7
1.7
1.7
1.7
1.7
1.7
1.7
1.7
1.7
1.7
1.7
1.7
1.7
1.7
1.7
1.7
1.7
1.7
1.7
1.7
1.7
1.7
1.7
-nan
1.7
1.7
1.7
1.7
1.7
1.7
1.7
1.7
1.7
1.7
1.7
1.7
1.7
1.7
1.7
1.7
1.7
1.7
1.7
1.7
1.7
1.7
1.7
1.7
1.7
1.7
1.7
1.7
1.7
1.7
0.808681
-1.7
-1.7
-1.7
-1.7
-1.7
-1.7
-1.7
-1.7
-1.7
-1.7
-1.7
-1.7
-1.7
-1.7
-1.7
-1.7
-1.7
-1.7
-1.7
-1.7
-1.7
-1.7
-1.7
-1.7
-1.7
-1.7
-1.7
-1.7
-1.7
-1.7
-1.7
-1.7
-1.7
-1.7
-1.7
-1.7
-1.7
-1.7
-1.7
-1.7
-1.7
-1.7
-1.7
-1.7
-1.7
-1.7
-1.7
-1.7
-1.7
-1.7
-1.7
-1.7
-1.7
-1.7
-1.7
-1.7
-1.7
-1.7
-1.7
-1.7
-1.7
-1.7
-1.7
-1.7
-1.7
-1.7
-1.7
-0.558035
-1.00683
-nan
0.348067
1.7
1.7
1.7
1.7
1.7
1.7
1.7
1.7
1.7
1.7
1.7
1.7
1.7
1.7
0.111702
1.7
1.7
1.7
1.7
1.60163
-0.803458
-1.7
-1.7
-1.7
-1.7
-1.7
-1.7
-1.7
-1.7
-1.7
-1.7
-1.7
-1.7
-1.7
-1.7
-1.7
-1.7
-1.7
-1.7
-1.7
-1.7
-1.7
-1.7
-1.7
-1.7
-1.7
-1.7
-1.7
-1.7
-1.7
-1.7
-1.7
-1.7
-1.7
-1.7
-1.7
-1.7
-1.7
-1.7
-1.7
-1.7
-1.7
-1.7
-1.7
-1.7
-1.7
-1.7
-1.7
-1.7
-1.7
-1.7
-1.7
-1.7
-1.7
-1.7
-1.7
-1.7
-1.7
-1.7
-1.7
-1.7
-1.7
-1.7
-1.7
-1.7
-1.7
-1.7
-1.7
-nan
-1.7
-1.7
-1.7
-1.7
-1.7
-1.7
-1.7
-1.7
-1.7
-1.7
-1.7
-1.7
-1.7
-1.7
-1.7
-1.7
-1.7
-1.7
-1.7
-1.7
-1.7
-1.7
-1.7
-1.7
-1.7
-1.7
-1.7
-1.7
-1.7
-1.7
-1.7
-1.7
-1.7
-1.7
-1.7
-1.7
-1.7
-1.7
-1.7
1.7
1.7
1.7
1.7
1.7
1.7
1.7
1.7
1.7
1.7
1.7
1.7
1.7
1.7
1.7
1.7
1.7
1.7
1.7
1.7
1.7
1.7
1.7
1.7
1.7
1.7
1.7
1.7
1.7
1.7
1.7
1.7
1.7
1.7
1.7
1.7
1.7
1.7
1.7
1.7
1.7
1.7
1.7
1.7
1.7
1.7
1.7
1.7
1.7
1.7
1.7
1.7
1.7
1.7
1.7
1.7
1.7
1.7
1.7
1.7
1.7
-nan
1.7
1.7
1.7
1.7
1.7
1.7
1.7
1.7
1.7
1.7
1.7
1.7
1.7
1.7
1.7
1.7
1.7
1.7
1.7
1.7
1.7
1.7
1.7
1.7
1.7
1.7
1.7
1.7
1.7
1.7
1.7
1.7
1.7
1.7
1.7
1.7
1.7
1.7
1.7
1.7
1.7
1.7
1.7
1.7
1.7
1.7
1.7
1.7
1.7
1.7
1.7
1.7
1.7
1.7
1.7
1.7
-1.7
-1.7
-1.7
-1.7
-1.7
-1.7
-1.7
-1.7
-1.7
-1.7
-1.7
-1.7
-1.7
-1.7
-1.7
-1.7
-1.7
-1.7
-1.7
-1.7
-1.7
-1.7
-1.7
-1.7
-1.7
-1.7
-1.7
-1.7
-1.7
-1.7
-1.7
-1.7
-1.7
-1.7
-1.7
-1.7
-1.7
-1.7
-1.7
-1.7
-1.7
-1.7
-1.7
-1.7
-1.7
-1.7
-1.7
-1.7
-1.7
-1.7
-1.7
-1.7
-1.7
-1.7
1.7
1.7
1.7
1.7
1.7
1.7
1.7
1.7
1.7
1.7
1.7
1.7
1.7
1.7
1.7
1.7
1.7
1.7
1.7
1.7
1.7
1.7
1.7
1.7
1.7
1.7
1.7
1.7
1.7
1.7
1.7
1.7
1.7
1.7
1.7
1.7
1.7
1.7
1.7
1.7
1.7
1.7
1.7
1.7
1.7
1.7
1.7
1.7
1.7
1.7
1.7
1.7
1.7
1.7
1.7
1.7
1.7
1.7
1.7
1.7
1.56263
1.34503
-1.7
-1.7
-1.7
-1.7
-1.7
-1.7
-1.7
-1.7
-1.7
-1.7
-1.7
-1.7
-1.7
-1.7
-1.7
-1.7
-1.7
-1.7
-1.7
-1.7
-1.7
-1.7
-1.7
-1.7
-1.7
-1.7
-1.7
-1.7
-1.7
-1.7
-1.7
-1.7
-1.7
-1.7
-1.7
-1.7
-1.7
-1.7
-1.7
-1.7
-1.7
-1.7
-1.7
-1.7
-1.7
-1.7
-1.7
-1.7
-1.7
-1.7
-1.7
-1.7
-1.7
-0.749654
-0.613762
-0.477871
-0.341979
1.7
1.7
1.7
1.7
1.7
1.7
1.7
1.7
1.7
1.7
1.7
1.7
1.7
1.7
1.7
1.7
1.7
-nan
1.7
1.7
1.7
1.7
1.7
1.7
1.7
1.7
1.7
1.7
1.7
1.7
1.7
1.7
1.7
1.7
1.7
1.7
1.7
1.7
1.7
1.7
1.7
1.7
1.7
1.7
1.7
1.7
1.7
1.7
1.7
1.7
-0.993122
-1.23182
-1.47052
-1.7
-1.7
-1.7
-1.7
-1.7
-1.7
-1.7
-1.7
-1.7
-1.7
-1.7
-1.7
-1.7
-1.7
-1.7
-1.7
-1.7
-1.7
-1.7
-1.7
-1.7
-1.7
-1.7
-1.7
-1.7
-1.7
-1.7
-1.7
-1.7
-1.7
-1.7
-1.7
-1.7
-1.7
-1.7
-1.7
-1.7
-1.7
-1.7
-1.7
-1.7
-1.7
-1.7
-1.7
-1.7
-1.7
-1.7
-1.7
-1.7
1.07921
1.29163
1.50406
1.7
1.7
1.7
1.7
1.7
1.7
1.7
1.7
1.7
1.7
1.7
1.7
1.7
-nan
1.7
1.7
1.7
1.7
1.7
1.7
1.7
1.7
1.7
1.7
1.7
1.7
1.7
1.7
1.7
1.7
1.7
1.7
1.7
1.7
1.7
1.7
1.7
1.7
1.7
1.7
1.7
1.7
1.7
1.7
1.7
1.7
1.7
1.7
1.7
1.7
1.7
1.7
1.7
1.7
1.7
1.7
1.7
1.7
-nan
1.7
1.7
1.7
1.7
1.7
1.7
1.7
1.7
1.7
1.7
1.7
1.7
1.7
1.7
1.7
1.7
1.7
1.7
1.7
1.7
1.7
1.7
1.7
-0.677496
-1.7
-1.7
-1.7
-1.7
-1.7
-1.7
-1.7
-1.7
-1.7
-1.7
-1.7
-1.7
-1.7
-1.7
-1.7
-1.7
-1.7
-1.7
-1.7
-1.7
-nan
-1.7
-1.7
-1.7
-1.7
-1.7
-1.7
-1.7
-1.7
-1.7
-1.7
-1.7
-1.7
-1.7
-1.7
-1.7
-1.7
-1.7
-1.7
-1.7
-1.7
-1.7
-1.7
-1.7
-1.7
-1.7
-1.7
-1.7
-1.7
-1.7
-1.7
-1.7
-1.7
-1.7
-1.7
-1.7
-1.7
-1.7
-1.7
-1.7
-1.7
-1.7
-1.7
-1.7
-1.7
-1.7
-1.7
-1.7
-1.7
-1.7
-1.7
-1.7
-1.7
-1.7
-1.7
-1.7
-1.7
-1.7
-1.7
-1.7
-1.7
-1.7
-1.7
-1.7
-1.7
-1.7
-1.7
-1.7
-1.7
-1.7
-1.7
-1.7
-1.7
-1.7
-1.7
-1.7
-1.7
-1.7
-1.7
-1.7
-1.7
-1.7
-1.7
-1.7
-1.7
-1.7
-1.7
-1.7
-1.7
-1.7
-nan
-1.7
-1.7
-1.7
-1.7
-1.7
-1.7
-1.7
-1.7
-1.7
-1.7
-1.7
-1.7
1.7
1.7
1.7
1.7
1.7
1.7
1.7
1.7
1.7
1.7
1.7
1.7
1.7
1.7
1.7
1.7
1.7
1.7
1.7
1.7
1.7
1.7
1.7
1.7
1.7
1.7
1.7
1.7
1.7
1.7
1.7
1.7
1.7
1.7
1.7
1.7
1.7
1.7
1.7
1.7
1.7
1.7
1.7
1.7
1.7
1.7
1.7
1.7
1.7
1.7
1.7
1.7
1.7
1.7
1.7
1.7
1.7
1.7
1.7
1.7
1.7
1.7
1.7
1.7
1.7
1.7
1.7
1.7
1.7
1.7
1.7
1.7
1.7
1.7
1.7
1.7
1.7
1.7
1.7
1.7
1.7
1.7
1.7
1.7
1.7
1.7
1.7
1.7
1.7
1.7
1.7
1.7
1.7
1.7
1.7
1.7
1.7
1.7
1.7
1.7
1.7
1.7
1.7
1.7
1.7
1.7
1.7
1.7
1.7
1.7
1.7
1.7
1.7
1.7
1.7
1.7
1.7
1.7
1.7
1.7
1.7
1.7
1.7
1.7
1.7
1.7
1.7
1.7
1.7
1.7
1.7
1.7
1.7
1.7
1.7
1.7
1.7
1.7
1.7
1.7
1.7
1.7
1.7
1.7
1.7
1.7
1.7
1.7
1.7
1.7
1.7
1.7
1.7
1.7
1.7
1.7
1.7
1.7
1.7
1.7
1.7
1.7
1.7
1.7
1.7
1.7
1.7
1.7
1.7
1.7
1.7
1.7
1.7
1.55941
1.3356
-1.7
-1.7
-1.7
-nan
-1.7
-1.7
-1.7
-1.7
-1.7
-1.7
-1.7
-1.7
-1.7
-1.7
-1.7
-1.7
-1.7
-1.7
-1.7
-1.7
-1.7
-1.7
-1.7
-1.7
-1.7
-1.7
-1.7
-1.7
-1.7
-1.7
-1.7
-1.7
-1.7
-1.7
-1.7
-1.7
-1.7
-1.7
-1.7
-1.7
-1.7
-1.7
-1.7
-1.7
-1.7
-1.7
-1.7
-1.7
-1.7
-1.7
-1.7
-1.7
-1.7
-1.7
-1.7
-1.7
-1.7
-1.7
-1.7
-1.7
-1.7
-1.7
-1.7
-1.7
-1.7
-1.7
-1.7
-1.7
-1.7
-1.7
-1.7
-1.7
-1.7
-1.7
-1.7
-1.7
-1.7
0.159363
0.411493
0.757509
1.7
1.7
1.7
1.7
1.7
1.7
1.7
1.7
1.7
1.7
1.7
1.7
1.7
1.7
1.7
1.7
1.7
1.7
1.7
1.7
1.7
1.7
1.7
1.7
1.7
1.7
1.7
1.7
1.7
1.7
1.7
1.7
1.7
1.7
1.7
1.7
1.7
1.7
1.7
1.7
1.7
1.7
1.7
1.7
1.7
1.7
1.7
1.7
1.7
1.7
1.7
-1.7
-1.7
-1.7
-1.7
-1.7
-1.7
-1.7
-1.7
-1.7
-1.7
-1.7
-1.7
-1.7
-1.7
-1.7
-1.7
-1.7
-1.7
-1.7
-1.7
-1.7
-1.7
-1.7
-1.7
-1.7
-1.7
-1.7
-1.7
-1.7
-1.7
-1.7
-1.7
-1.7
-1.7
-1.7
-1.7
-1.7
-1.7
-1.7
-1.7
-1.7
-1.7
-1.7
-1.7
-1.7
-1.7
-1.7
-1.7
-1.7
-1.7
-1.7
-1.7
-1.7
-1.7
-1.7
-1.7
-1.7
-1.7
-1.7
-1.7
-1.7
-1.7
-1.7
-nan
-1.7
-1.7
-1.7
-1.7
-1.7
-1.7
-1.7
-1.7
-1.7
-1.7
-1.7
-1.7
-1.7
-1.7
-1.7
-1.7
-1.7
-1.7
-1.7
-1.7
-1.7
-1.7
-1.7
-1.7
-1.7
-1.7
-1.7
-1.7
-1.7
-1.7
-1.7
-1.7
-1.7
-1.7
-1.7
-1.7
-1.7
-1.7
-1.7
-1.7
-1.7
-1.7
-1.7
-1.7
-1.7
-1.7
-1.7
-1.7
-1.7
-1.7
-1.7
-1.7
-1.7
-1.7
-1.7
-1.7
-1.7
-1.7
-1.7
-1.7
-1.7
-1.7
-1.7
-1.7
-1.7
-1.7
-1.7
-1.7
-1.7
-1.7
-1.7
-1.7
-1.7
-1.7
-1.7
-1.7
-1.7
-1.7
1.7
1.7
1.7
1.7
1.7
1.7
1.7
1.7
1.7
1.7
1.7
1.7
1.7
1.7
1.7
1.7
1.7
1.7
1.7
1.7
1.7
1.7
-nan
1.7
1.7
1.7
1.7
1.7
1.7
1.7
1.7
1.7
1.7
1.7
1.7
1.7
1.7
1.7
1.7
1.7
1.7
1.7
1.7
1.7
1.7
1.7
1.7
1.7
1.7
1.7
1.7
1.7
1.7
1.7
1.7
1.7
1.7
1.7
0.865838
1.09805
1.33026
1.56246
-1.7
-1.7
-1.7
-1.7
-1.7
-1.7
-1.7
-1.7
-1.7
-1.7
-1.7
-1.7
-1.7
-1.7
-1.7
-1.7
-1.7
-1.7
-1.7
-1.7
-1.7
-1.7
-1.7
-1.7
-1.7
-1.7
-1.7
-1.7
-1.7
-1.7
-1.7
-1.7
-1.7
-1.7
-1.7
-1.7
-1.7
-1.7
-1.7
-1.7
-1.7
-1.7
-1.7
-1.7
-1.7
-1.7
-1.7
1.15168
1.44633
1.7
1.7
1.7
1.7
1.7
1.7
1.7
1.7
1.7
1.7
1.7
1.7
-nan
1.7
1.7
1.7
1.7
1.7
1.7
1.7
1.7
1.7
1.7
1.7
1.7
1.7
1.7
1.7
1.7
1.7
1.7
1.7
1.7
1.7
1.7
1.7
1.7
1.7
1.7
-1.7
-1.7
-1.7
-1.7
-1.7
-1.7
-1.7
-1.7
-1.7
-1.7
-1.7
-1.7
-1.7
-1.7
-1.7
-1.7
-1.7
-1.7
-nan
-1.7
-1.7
-1.7
-1.7
-1.7
-1.7
-1.7
-1.7
-1.7
-1.7
-1.7
-1.7
-1.7
-1.7
-1.7
-1.7
-1.7
-1.7
-1.7
-1.7
-1.7
-1.7
-1.7
-1.7
-1.7
1.7
1.7
1.7
1.7
1.7
1.7
1.7
1.7
1.7
1.7
1.7
1.7
1.7
1.7
1.7
1.7
1.7
1.7
1.7
-nan
1.7
1.7
1.7
1.7
1.7
1.7
1.7
1.7
1.7
1.7
1.7
1.7
1.7
1.7
1.7
1.7
1.7
1.7
1.7
1.7
1.7
1.7
1.7
1.7
1.7
1.7
1.7
1.7
1.7
1.7
1.7
1.7
1.7
1.7
1.7
1.7
1.7
1.7
1.7
1.7
1.7
1.7
1.7
1.7
1.7
1.7
1.7
1.7
1.7
1.7
1.7
1.7
1.7
1.7
1.7
1.7
1.7
1.7
1.7
1.7
1.7
1.7
1.7
1.7
1.7
1.7
1.7
1.7
1.7
1.7
1.34242
1.02484
0.707262
0.389681
-1.7
-1.7
-1.7
-1.7
-1.7
-1.7
-1.7
-1.7
-1.7
-1.7
-1.7
-1.7
-1.7
-1.7
-1.7
-1.7
-1.7
-1.7
-1.7
-1.7
-1.7
-1.7
-1.7
-1.7
-1.7
-1.7
-1.7
-1.7
-1.7
-1.7
-1.7
-1.7
-1.7
-1.7
-1.7
-1.7
-1.7
-1.7
-1.7
-1.7
-1.7
-1.7
-1.7
-1.7
-1.7
-1.7
1.7
1.7
1.7
1.7
1.7
1.7
1.7
1.7
1.7
1.7
1.7
1.7
1.7
1.7
1.7
1.7
1.7
1.7
1.7
1.7
1.7
1.7
1.7
1.7
1.7
-nan
1.7
1.7
1.7
1.7
1.7
1.7
1.7
1.7
1.7
1.7
1.7
1.7
1.7
1.7
1.7
1.7
1.7
1.7
1.7
1.7
1.7
1.7
1.7
1.7
1.7
1.7
1.7
1.7
1.7
1.7
1.7
1.7
1.7
1.7
1.7
1.7
1.7
1.7
1.7
1.7
1.7
1.7
1.7
1.7
1.7
1.7
1.7
1.7
1.7
1.7
1.7
1.7
1.7
1.7
1.7
1.7
1.7
1.7
1.7
1.7
1.7
1.7
1.7
1.7
1.7
1.7
1.7
1.7
1.7
1.7
1.7
1.7
1.7
1.7
1.7
1.7
1.7
1.7
1.7
1.7
1.7
1.7
1.7
1.7
1.7
1.7
1.7
1.7
1.7
1.7
1.7
1.7
1.7
1.7
1.7
1.7
1.7
1.7
1.7
1.7
1.7
1.7
1.7
1.7
1.7
1.7
1.7
1.7
1.7
1.7
1.7
1.7
1.7
1.7
1.7
1.7
1.7
1.7
1.7
1.7
1.7
1.7
1.7
1.7
1.7
1.7
1.7
1.7
1.7
1.7
1.7
1.7
1.7
1.7
1.7
1.7
1.7
1.7
1.7
1.7
1.7
1.7
1.7
1.7
1.7
-nan
1.7
1.7
1.7
1.7
1.7
1.7
1.7
1.7
1.7
1.40175
-1.7
-1.7
-1.7
-1.7
-1.7
-1.7
-1.7
-1.7
-1.7
-1.7
-1.7
-1.7
-1.7
-1.7
-1.7
-1.7
-1.7
-1.7
-1.7
-1.7
-1.7
-1.7
-1.7
-1.7
-1.7
-1.7
-1.7
-1.7
-1.7
-1.7
-1.7
-1.7
-1.7
-1.7
-1.7
-1.7
-1.7
-1.7
-1.7
-1.7
-1.7
-1.7
-1.7
-1.7
-1.7
-1.7
-1.7
-1.7
-1.7
-1.7
-1.7
-1.7
-1.7
-1.7
-1.7
-1.7
-1.7
-1.7
-1.7
-1.7
-1.7
-1.7
-1.7
-1.7
-1.7
-1.7
-1.7
-1.7
-1.7
-1.7
-1.7
-1.7
-1.7
-1.7
-1.7
-1.7
-1.7
-1.7
-1.7
-1.7
-1.7
-1.7
-1.7
-1.7
-1.7
-1.7
-1.7
-1.7
-1.7
-1.7
-1.7
-1.7
-1.7
-1.7
-1.7
-1.7
-1.7
-1.7
-1.7
-1.7
-1.7
-1.7
-1.7
-1.7
-1.7
-1.7
-1.7
1.7
1.7
1.52667
1.7
1.7
1.7
1.7
1.7
1.7
1.7
1.7
1.7
1.7
1.7
1.7
1.7
1.7
1.7
1.7
1.7
1.7
1.7
1.7
1.7
1.7
1.7
1.7
1.7
-nan
1.7
1.7
1.7
1.7
1.7
1.7
1.7
1.7
1.7
1.7
1.7
1.7
1.7
1.7
1.7
1.7
1.7
1.7
1.7
1.7
1.7
1.7
0.328909
-1.7
-1.7
-1.7
-1.7
-1.7
-1.7
-1.7
-1.7
-1.7
-1.7
-1.7
-1.7
-1.7
-1.7
-1.7
-1.7
-1.7
-1.7
-1.7
-1.7
-1.7
-nan
-1.7
-1.7
-1.7
-1.7
-1.7
-1.7
-1.7
-1.7
-1.7
-1.7
-1.7
-1.7
-1.7
-1.7
-1.7
-1.7
-1.7
-1.7
-1.7
-1.7
-1.7
-1.7
-1.7
-1.7
-1.7
-1.7
-1.7
-1.7
-1.7
-1.7
-1.7
-1.7
-1.7
-1.7
-1.7
-1.7
-1.7
-1.7
-1.7
-1.7
-1.7
-1.7
-1.7
-1.7
-1.7
-1.7
-1.7
-1.7
-1.7
-1.7
-1.7
-1.7
-1.7
-1.7
-1.7
-1.7
-1.7
-1.7
0.188797
-0.1459
-0.480597
-0.815294
1.7
1.7
1.7
1.7
1.7
1.7
1.7
1.7
1.7
1.7
1.7
1.7
1.7
1.7
1.7
1.7
1.7
1.7
1.7
1.7
1.7
1.7
1.7
1.7
1.7
1.7
1.7
1.7
1.7
1.7
1.7
1.7
1.7
1.7
1.7
1.7
1.7
1.7
1.7
1.7
1.7
1.7
1.7
1.7
1.7
1.7
1.7
1.7
1.7
-1.7
-1.7
-1.7
-1.7
-1.7
-1.7
-1.7
-1.7
-1.7
-1.7
-1.7
-1.7
-1.7
-1.7
-1.7
-1.7
-1.7
-1.7
-1.7
-1.7
-1.7
-1.7
-1.7
-1.7
-1.7
-1.7
-1.7
-1.7
-1.7
-1.7
-1.7
-1.7
-1.7
-1.7
-1.7
-1.7
-1.7
-1.7
-1.7
-1.7
-1.7
-1.7
-1.7
-1.7
-1.7
-1.7
-1.7
-1.7
-1.7
-1.7
-1.7
-1.7
-1.7
-1.7
-1.7
-1.7
1.7
1.6991
1.57637
1.45363
1.7
1.7
1.7
1.7
1.7
1.7
1.7
1.7
1.7
1.7
1.7
1.7
1.7
1.7
1.7
1.7
1.7
1.7
1.7
1.7
1.7
1.7
1.7
1.7
1.7
1.7
1.7
1.7
1.7
1.7
1.7
1.7
1.7
1.7
1.7
1.7
1.7
1.7
1.7
1.7
1.7
1.7
1.7
-1.7
-1.7
-1.7
-1.7
-1.7
-1.7
-1.7
-1.7
-1.7
-1.7
-1.7
-1.7
-1.7
-1.7
-1.7
-1.7
-1.7
-1.7
-1.7
-1.7
-1.7
-1.7
-1.7
-1.7
-1.7
-1.7
-1.7
-1.7
-1.7
-1.7
-1.7
-1.7
-1.7
-1.7
-1.7
-1.7
-1.7
-1.7
-1.7
-1.7
-1.7
-1.7
-1.7
-1.7
-1.7
-1.7
-1.7
-1.7
-1.7
-1.7
-1.7
-1.7
-1.7
-1.7
-1.7
-1.7
-1.7
1.7
1.7
1.7
1.7
1.7
1.7
1.7
1.7
1.7
1.7
1.7
1.7
1.7
1.7
1.7
1.7
1.7
1.7
1.7
1.7
1.7
1.7
1.7
1.7
1.7
1.7
1.7
1.7
1.7
1.7
1.7
1.7
1.7
1.7
1.7
1.7
1.7
1.7
1.7
1.7
1.7
1.7
1.7
1.7
1.7
1.7
1.7
1.7
1.7
1.7
1.7
1.7
1.7
1.7
1.7
1.7
1.7
1.7
1.7
0.999351
0.780606
0.561861
0.343115
-1.7
-1.7
-1.7
-1.7
-1.7
-1.7
-1.7
-1.7
-1.7
-1.7
-1.7
-1.7
-1.7
-1.7
-1.7
-1.7
-1.7
-1.7
-1.7
-1.7
-1.7
-1.7
-1.7
-1.7
-1.7
-1.7
-1.7
-1.7
-1.7
-1.7
-1.7
-1.7
-1.7
-1.7
-1.7
-1.7
-1.7
-1.7
-1.7
-1.7
-1.7
-1.7
-1.7
-1.7
-1.7
0.0138084
0.0694703
0.125132
0.180794
1.7
1.7
1.7
1.7
1.7
1.7
1.7
1.7
1.7
1.7
1.7
1.7
1.7
1.7
1.7
1.7
1.7
1.7
1.7
1.7
1.7
1.7
1.7
1.7
1.7
1.7
1.7
1.7
1.7
1.7
1.7
1.7
1.7
1.7
1.7
1.7
1.7
1.7
1.7
1.7
1.7
1.7
1.7
1.7
1.7
1.7
1.7
1.7
1.7
1.7
1.7
1.7
1.7
1.7
0.53316
0.290403
0.0476471
-1.7
-1.7
-1.7
-1.7
-1.7
-1.7
-1.7
-1.7
-1.7
-1.7
-1.7
-1.7
-1.7
-1.7
-1.7
-1.7
-1.7
-1.7
-1.7
-1.7
-1.7
-1.7
-1.7
-1.7
-1.7
-1.7
-1.7
-1.7
-1.7
-1.7
-1.7
-1.7
-1.7
-1.7
-1.7
-1.7
-1.7
-1.7
-1.7
-1.7
-1.7
-1.7
-1.7
-1.7
-1.7
-1.7
-1.7
-1.7
-1.7
-1.7
-1.0696
-0.952338
-0.835071
-0.717804
1.7
1.7
1.7
1.7
1.7
1.7
1.7
1.7
1.7
1.7
-nan
1.7
1.7
1.7
1.7
1.7
1.7
1.7
1.7
1.7
1.7
1.7
1.7
1.7
1.7
1.7
1.7
1.7
1.7
1.7
1.7
1.7
1.7
1.7
1.7
1.7
1.7
1.7
1.7
1.7
1.7
1.7
1.7
1.7
1.7
1.7
1.7
1.7
1.7
1.7
1.7
1.7
1.7
1.7
1.7
-nan
1.7
1.7
1.7
1.7
1.7
1.7
1.7
1.7
1.7
1.7
1.7
1.7
1.7
1.7
1.7
1.7
1.7
1.7
1.7
1.7
1.7
1.7
1.7
1.7
1.7
1.7
1.7
1.7
1.7
1.7
1.7
1.7
1.7
1.7
1.7
1.7
1.7
1.7
1.7
1.7
1.7
1.7
1.7
1.7
1.7
-1.7
-1.7
-1.7
-1.7
-1.7
-1.7
-1.7
-1.7
-1.7
-1.7
-1.7
-1.7
-1.7
-1.7
-1.7
-1.7
-1.7
-1.7
0
1.7
1.7
1.7
1.7
1.7
1.7
1.7
1.7
1.7
1.7
1.7
1.7
1.7
1.7
1.7
1.7
1.7
1.7
1.7
1.7
1.7
-0.865923
-0.865923
-0.865923
-0.865923
-1.7
-1.7
-1.7
-1.7
-1.7
-1.7
-1.7
-1.7
-1.7
-1.7
-1.7
-1.7
-1.7
-1.7
-1.7
-1.7
-1.7
-1.7
-1.7
-1.42012
-1.42012
-1.42012
-0.942133
-0.942133
-0.513058
-0.513058
-0.513058
-0.139282
-0.139282
-0.139282
-0.139282
0.199716
0.199716
0.199716
0.199716
0.833267
0.833267
0.833267
1.16498
1.16498
1.46364
1.46364
1.46364
1.7
1.7
1.7
1.7
1.7
1.7
1.7
1.7
1.7
1.7
1.7
1.7
1.7
1.7
1.7
1.7
1.7
1.7
1.7
1.7
1.7
1.7
1.59374
1.59374
1.59374
1.59374
0.916273
0.916273
0.916273
0.916273
0.558733
0.225822
0.225822
0.225822
0.225822
-0.0810487
-0.0810487
-0.0810487
-0.0810487
-0.368014
-0.368014
-0.368014
-0.663985
-0.663985
-0.663985
-0.663985
-1.15346
-1.15346
-1.15346
-1.15346
-1.39898
-1.39898
-1.39898
-1.39898
-1.43268
-1.43268
-1.43268
-1.40991
-1.40991
-1.40991
-1.40991
-1.19073
-1.19073
-1.19073
-0.987479
-0.987479
-0.804369
-0.804369
-0.804369
-0.804369
-0.680451
-0.680451
-0.680451
-0.596173
-0.596173
-0.596173
-0.596173
-0.571295
-0.571295
-0.571295
-0.571295
-0.60195
-0.646908
-0.646908
-0.646908
-0.646908
-0.687045
-0.687045
-0.687045
-0.720538
-0.720538
-0.720538
-0.720538
-0.780907
-0.780907
-0.780907
-0.780907
-0.810988
-0.864954
-0.864954
-0.864954
-0.948946
-0.948946
-0.948946
-0.948946
-1.04629
-1.04629
-1.04629
-1.04629
-1.16021
-1.16021
-1.16021
-1.16021
-1.57544
-1.57544
-1.57544
-1.7
-1.7
-1.7
-1.7
-1.7
-1.7
-1.7
-1.7
-1.7
-1.7
-1.7
-1.7
-1.7
-1.7
-1.7
-1.7
-1.7
-1.7
-1.7
-1.7
-1.7
-1.7
-1.7
-1.7
-1.7
-1.7
-1.7
-1.7
-1.7
-1.7
-1.7
-1.7
-1.7
-1.7
-1.7
-1.7
-1.7
-1.7
-1.7
-1.7
-1.7
-1.7
-1.55832
-1.55832
-1.55832
-1.55832
-1.34393
-1.34393
-1.34393
-1.34393
-1.433
0
