1.41421
1.41605
1.4179
0.00555456
0.00813513
0.0107251
0.0128482
0.0154438
0.0180407
0.0193513
0.0219492
0.0223603
0.0249587
0.0275575
0.0273357
0.0299347
0.0325338
0.0319166
0.0345159
0.0333678
0.0359671
0.0385665
0.0368552
0.0394547
0.0420542
0.0400292
0.0426287
0.0452283
0.0429533
0.0455527
0.0481523
0.0507518
0.0481084
0.0507078
0.0533073
0.050542
0.0531413
0.0557407
0.0583402
0.0487894
0.0513886
0.0539879
0.0499803
0.0457569
0.0483564
0.0509559
0.0535555
0.04913
0.0517298
0.0543297
0.0500399
0.0526399
0.0552399
0.0578399
0.0535216
0.0561213
0.058721
0.0613207
0.0502376
0.0528338
0.0554303
0.0513225
0.0469432
0.0495295
0.0521171
0.0547059
0.0503511
0.0529337
0.0555179
0.0509443
0.0535216
0.0561011
0.0586824
0.0463567
0.0489191
0.0514853
0.0468683
0.0494301
0.0446066
0.0471665
0.0497305
0.0522981
0.0474007
0.0499697
0.0525418
0.0551165
0.0500119
0.0525905
0.055171
0.0421561
0.0447463
0.0473375
0.0499297
0.0449223
0.0397787
0.0423787
0.0449787
0.0401553
0.0427523
0.0453497
0.0479474
0.0407073
0.0432949
0.0458838
0.048474
0.043898
0.046472
0.0490487
0.0385675
0.0410685
0.0435811
0.0461034
0.0421694
0.0386146
0.0410155
0.0434393
0.0399082
0.0422695
0.0446574
0.0470677
0.0433383
0.0456934
0.0480736
0.0504756
0.0410979
0.0433515
0.0456419
0.0479639
0.0438344
0.0394581
0.0416475
0.0438818
0.0390551
0.0412452
0.0434805
0.0457544
0.0403978
0.0426437
0.0449278
0.0472445
0.0336418
0.0358603
0.0381271
0.0318187
0.0340898
0.0280407
0.0303334
0.0326721
0.0267385
0.0291143
0.0315254
0.0255669
0.0280227
0.0305023
0.0330005
0.0275868
0.0301227
0.0326688
0.0196148
0.0222065
0.0247999
0.0273946
0.0225776
0.0181571
0.0207397
0.0233262
0.0259153
0.0215365
0.0240984
0.0266677
0.0292424
0.0250604
0.0276083
0.030165
0.0327285
0.020878
0.0233375
0.0258245
0.0206572
0.0154776
0.0177933
0.0201785
0.022611
0.0169409
0.0193304
0.0217682
0.0162188
0.0186477
0.0211174
0.023615
0.0182333
0.0207485
0.0232823
0.0258292
0.0134199
0.0160019
0.0185888
0.0144677
0.0107131
0.0132816
0.0158603
0.018445
0.0127027
0.0152087
0.0177417
0.0148095
0.0172414
0.0197163
0.0222198
0.0190391
0.0214385
0.02388
0.0263518
0.018356
0.0203683
0.0225013
0.0200039
0.018781
0.020106
0.0216633
0.0205749
0.0218031
0.0232582
0.0249004
0.0232631
0.0246261
0.026177
0.0278846
0.0236958
0.02448
0.0255063
0.024317
0.0250078
0.0241708
0.0245299
0.0251541
0.0240609
0.0243701
0.0249478
0.025776
0.0238238
0.0243516
0.0251386
0.0261614
0.0211956
0.0211357
0.021394
0.0193962
0.0193561
0.0177118
0.0173788
0.0174315
0.0178666
0.0151652
0.0153497
0.0159613
0.0126947
0.0130027
0.0138025
0.0150155
0.00853978
0.00750829
0.00730349
0.00798921
0.00482786
0.00810514
0.00554745
0.00306188
0.00871464
0.00618646
0.00375761
0.00186735
0.00804453
0.00606698
0.00473518
0.0097713
0.00813783
0.00710564
0.00694809
0.0162382
0.0143812
0.0127857
0.0171364
0.0216997
0.0196683
0.0177855
0.0161036
0.0201616
0.0182931
0.0166224
0.0152148
0.0182877
0.0166169
0.0152093
0.0179072
0.0162132
0.0147848
0.0226074
0.0203554
0.0181965
0.0161679
0.0192025
0.023071
0.023071
0.0206019
0.0181693
0.022099
0.0195572
0.017033
0.0145355
0.0188042
0.0162153
0.0136306
0.0271871
0.0246351
0.0220942
0.0195689
0.0257648
0.0323294
0.0299388
0.0275862
0.0252821
0.0315866
0.0293626
0.0272054
0.0332898
0.031198
0.0291881
0.027278
0.0402736
0.0382704
0.0363429
0.0345037
0.0391421
0.0437239
0.0418402
0.0400369
0.0383251
0.0420567
0.0403525
0.038748
0.0417314
0.0401357
0.0386491
0.0412028
0.0397143
0.0383445
0.0371066
0.0423924
0.0408805
0.0394821
0.0382096
0.0399006
0.0417072
0.0401901
0.0387881
0.0403389
0.0388472
0.0374768
0.0362412
0.0371889
0.0358415
0.0346372
0.0351305
0.0338118
0.0326472
0.0316538
0.0335689
0.0319375
0.0304411
0.0291004
0.0325517
0.0305411
0.0286256
0.0268255
0.0283153
0.0262704
0.0243318
0.0225268
0.0238839
0.0218081
0.0198561
0.0216049
0.0193879
0.0172779
0.0153194
0.0226847
0.0201568
0.0176499
0.0151743
0.0246662
0.0220665
0.0194669
0.0230757
0.0204819
0.01789
0.0153007
0.0191498
0.01659
0.0140449
0.0115244
0.0158097
0.013337
0.0109237
0.0243544
0.0218478
0.0193657
0.0169192
0.0215816
0.0259391
0.0234257
0.0209335
0.0250582
0.0225376
0.0200374
0.0175661
0.0216848
0.0191626
0.0166644
0.0142027
0.0245104
0.0219236
0.0193403
0.0236408
0.0210418
0.0253349
0.0227383
0.0201425
0.0247115
0.0221361
0.0195672
0.0170078
0.0222283
0.0197168
0.0172316
0.0226472
0.0202205
0.0178426
0.015536
0.0292818
0.0269448
0.0246604
0.0299748
0.0350598
0.0327828
0.0305575
0.0283959
0.0334925
0.0313416
0.0292636
0.0272753
0.0319677
0.0299685
0.028068
0.0326274
0.0306917
0.0288606
0.0271553
0.0372185
0.0351954
0.0332526
0.0367364
0.0400641
0.0379568
0.0359141
0.0339477
0.0364138
0.0343983
0.032466
0.0306326
0.0326128
0.0307097
0.0289153
0.0340938
0.0319745
0.0299311
0.0279803
0.0290244
0.0301797
0.0280092
0.0259179
0.026818
0.0246537
0.0225815
0.0206291
0.0212685
0.0192069
0.017291
0.0180062
0.0159214
0.01401
0.0123526
0.0162381
0.0138113
0.0114608
0.0136275
0.0110947
0.013973
0.0113734
0.00877408
0.0123803
0.00983657
0.00733241
0.00492851
0.00933284
0.00933284
0.00721049
0.0112257
0.0092981
0.00777265
0.00692051
0.0146765
0.0129408
0.0115348
0.0147135
0.0183946
0.0166028
0.0150487
0.0138128
0.0168907
0.0154402
0.0143186
0.0168234
0.015454
0.0144273
0.0138198
0.01519
0.014226
0.0136945
0.0182439
0.0164045
0.0147952
0.0134985
0.0147402
0.0167171
0.0146632
0.0128093
0.0144688
0.0123845
0.0105321
0.00905516
0.00994329
0.00808307
0.00673225
0.00756016
0.00561215
0.0043996
0.00455376
0.0085637
0.00596391
0.00336443
0.00076848
0.00573828
0.0109862
0.00870213
0.00665417
0.012015
0.0100243
0.00837472
0.00730097
0.0119221
0.0105183
0.00962567
0.0136573
0.0124386
0.0116806
0.011475
0.01957
0.0179884
0.0166643
0.0205636
0.0248011
0.0229788
0.0213185
0.0198608
0.0235608
0.0219117
0.0204611
0.0235775
0.0219422
0.0205072
0.0193171
0.0215574
0.0201344
0.0189628
0.0180914
0.0233755
0.0215486
0.0198945
0.0184597
0.024365
0.0221908
0.0201178
0.0222998
0.020062
0.0179222
0.0159201
0.0177282
0.015504
0.0134158
0.0115374
0.0183623
0.0158187
0.0132969
0.0108122
0.0142829
0.0215325
0.0189518
0.0163772
0.0138302
0.0190593
0.0166821
0.0143849
0.020032
0.0181204
0.016237
0.0147313
0.0280118
0.0263917
0.0250892
0.0239923
0.0293263
0.0346213
0.0335687
0.0327725
0.037411
0.0368165
0.0363932
0.0362385
0.0403895
0.0402557
0.0405118
0.0408352
0.0444379
0.0449311
0.0455725
0.0510551
0.0515482
0.0521672
0.0550034
0.0557002
0.0581914
0.0590352
0.0599491
0.0622325
0.0632511
0.0644824
0.0656972
0.0676901
0.0689899
0.0704358
0.070724
0.0721178
0.0735519
0.0749329
0.075982
0.0771713
0.0783328
0.0795379
0.0793541
0.0802482
0.0812441
0.0821873
0.0819795
0.082872
0.0837417
0.0846828
0.0838567
0.0846617
0.0855408
0.081583
0.0821606
0.0827177
0.0833311
0.0806262
0.0775792
0.0778347
0.0781734
0.0785767
0.0747559
0.074926
0.0752997
0.0712334
0.0714675
0.0715965
0.0719061
0.0674748
0.0676782
0.0678845
0.0585707
0.0585091
0.0584648
0.0585367
0.0536754
0.0486764
0.0486384
0.0486384
0.0437975
0.0439214
0.044099
0.0443304
0.0395125
0.0399852
0.0405264
0.0411865
0.0364881
0.0373282
0.0383579
0.0289912
0.0303927
0.0318096
0.0334269
0.0304416
0.0285425
0.0306848
0.0328738
0.0321219
0.03444
0.036787
0.039166
0.0394732
0.0418787
0.0443141
0.0467666
0.0461173
0.048702
0.0511978
0.0523178
0.0548867
0.0559246
0.0585646
0.0611178
0.06194
0.0645664
0.067109
0.0679619
0.0704977
0.0730936
0.075691
0.0766232
0.0792997
0.0792997
0.0818243
0.0811133
0.0837267
0.0863404
0.0871344
0.0878311
0.090402
0.0928978
0.0954598
0.0956359
0.098087
0.100545
0.100437
0.102835
0.105243
0.107579
0.106964
0.109261
0.111543
0.10698
0.109135
0.111185
0.113343
0.111484
0.109176
0.111021
0.11294
0.110388
0.112032
0.113841
0.115549
0.112411
0.11403
0.11564
0.11724
0.108193
0.1095
0.110902
0.112298
0.107853
0.103005
0.104211
0.105377
0.106504
0.100142
0.101206
0.102324
0.0966202
0.097734
0.0989036
0.100127
0.0936406
0.0948645
0.0961432
0.0816552
0.0828402
0.0840889
0.0853986
0.0784718
0.0719872
0.0732886
0.0746578
0.0760912
0.0697248
0.071203
0.0727441
0.0662142
0.0678043
0.0694554
0.0711632
0.0575122
0.0592152
0.0609815
0.0552299
0.0570555
0.0516005
0.0534852
0.0554277
0.0498897
0.0518854
0.0539327
0.0560259
0.0499333
0.0520684
0.0542441
0.0402438
0.0423879
0.0445806
0.0468149
0.040836
0.0430839
0.0374664
0.0397163
0.0420066
0.036453
0.0387344
0.0410538
0.043405
0.0376572
0.03999
0.0423539
0.0297923
0.0319738
0.0342139
0.0365017
0.0315749
0.0337815
0.0296371
0.0317272
0.0338878
0.0302297
0.0322551
0.0343579
0.0365248
0.0330395
0.0350694
0.0371704
0.0343685
0.0363341
0.0383752
0.0404804
0.0345806
0.0362355
0.0379965
0.0398493
0.0364715
0.0378065
0.0392685
0.0408438
0.0402459
0.0416493
0.0431637
0.0427619
0.0441122
0.045571
0.0452591
0.0465521
0.0479512
0.0494476
0.0479417
0.048884
0.049944
0.0511143
0.0510567
0.0513158
0.0513158
0.0520869
0.0529745
0.0530921
0.0540532
0.055121
0.0549863
0.0559997
0.0572349
0.0584699
0.0579423
0.0591966
0.0605688
0.0581041
0.059106
0.0602011
0.0615777
0.0605967
0.0598294
0.060953
0.0621772
0.0611325
0.0623253
0.0637011
0.0650563
0.0636696
0.0649908
0.0664826
0.0649503
0.0664357
0.0679783
0.0696794
0.0643756
0.065838
0.0673705
0.0689657
0.0635181
0.0648753
0.0663159
0.0679226
0.0656277
0.0671397
0.0688128
0.0663224
0.068013
0.068013
0.0697609
0.0670665
0.0686209
0.0702385
0.0624507
0.0636686
0.0649459
0.0662037
0.0624047
0.0583308
0.0592472
0.0602603
0.0557954
0.0566404
0.0575912
0.0585435
0.0532672
0.0541968
0.05512
0.0489548
0.0497706
0.0506968
0.0516412
0.0371323
0.0377714
0.0385705
0.0311994
0.0319846
0.0247422
0.0256879
0.0266815
0.019617
0.0208325
0.0224083
0.0239537
0.0175281
0.0195614
0.0217135
0.0130622
0.0156402
0.0182267
0.0208184
0.0215347
0.0239745
0.0243152
0.026424
0.0286137
0.0319915
0.0339442
0.0359789
0.0380825
0.0414797
0.0433953
0.0453789
0.0487349
0.0505796
0.0524883
0.0544543
0.0589567
0.0606
0.0623086
0.0653005
0.0684215
0.069905
0.0714523
0.0730595
0.0759341
0.0774477
0.0790178
0.081665
0.0831491
0.084687
0.0862758
0.0885177
0.0900254
0.0915821
0.0940254
0.0953271
0.0966812
0.0980855
0.0995625
0.100936
0.102138
0.103392
0.104695
0.105567
0.106794
0.108069
0.109392
0.109757
0.111005
0.112299
0.111011
0.11206
0.113158
0.114306
0.113729
0.112963
0.11392
0.114927
0.113782
0.114725
0.115718
0.116761
0.115086
0.116068
0.117099
0.114911
0.115879
0.116896
0.117962
0.11169
0.112544
0.113451
0.110266
0.111116
0.107714
0.108516
0.109373
0.105542
0.106354
0.107222
0.108146
0.103628
0.104509
0.105446
0.100689
0.101594
0.102556
0.103575
0.0919381
0.0927822
0.093691
0.08807
0.0824938
0.0832978
0.0841745
0.0851216
0.0793751
0.0803242
0.0813454
0.0824359
0.0770327
0.0781502
0.0793372
0.0729737
0.0741302
0.0753586
0.0767416
0.0654522
0.0668775
0.0683726
0.0635228
0.0584219
0.0600959
0.0619199
0.0636622
0.0588932
0.0607404
0.0627957
0.0580258
0.0601708
0.0622751
0.0644913
0.0598391
0.0621294
0.0643815
0.053824
0.0560676
0.0584186
0.060729
0.0563062
0.0523782
0.0547332
0.0571133
0.0594562
0.0560196
0.0583884
0.0608031
0.0577012
0.0600542
0.062458
0.0649273
0.0579306
0.0602205
0.0625708
0.0611679
0.0634841
0.0628649
0.06516
0.06516
0.0674786
0.0674273
0.0695886
0.0717802
0.0718137
0.0739225
0.0759859
0.0779858
0.0766094
0.0783964
0.0801314
0.0803625
0.0820333
0.0821704
0.0836806
0.0851442
0.0848982
0.0863045
0.0876717
0.0890053
0.0881362
0.089307
0.0906367
0.089311
0.0903886
0.0915253
0.0927328
0.0873961
0.0881526
0.0890782
0.0861163
0.082994
0.0835121
0.0840068
0.0845773
0.0806688
0.0809743
0.0814614
0.0769884
0.077221
0.0775407
0.0779464
0.0727021
0.0728656
0.0728656
0.0618707
0.0617349
0.0617085
0.0617915
0.0562608
0.0508605
0.0507515
0.0507756
0.0509325
0.0455946
0.0457515
0.0460548
0.0408033
0.0411342
0.0416252
0.0422706
0.0369533
0.037672
0.0385531
0.0395855
0.0294222
0.030387
0.0315373
0.0271973
0.0229115
0.0241888
0.0256667
0.0273127
0.0225523
0.0243555
0.0262925
0.0208589
0.0229353
0.0251094
0.0196754
0.0219736
0.0243327
0.0267364
0.0132675
0.0157767
0.0183112
0.012793
0.00739786
0.0099919
0.0125884
0.0151861
0.00971798
0.0122669
0.0148336
0.0174102
0.0121843
0.0147078
0.0172541
0.00500606
0.00689588
0.00914143
0.0115368
0.00642558
0.00295161
0.00387264
0.00589938
0.00825398
0.00310866
0.00542342
0.00791728
0.00296083
0.00553986
0.00813226
0.0107283
0.00607958
0.00865232
0.0112376
0.0138284
0.00498897
0.00623023
0.00814012
0.00706203
0.00952925
0.00903847
0.00927908
0.0101995
0.0112106
0.0115681
0.0124694
0.0134599
0.0139036
0.0147977
0.0160671
0.0162401
0.0170892
0.0182719
0.0201002
0.0199277
0.020093
0.020588
0.0218145
0.0237393
0.0233843
0.0233156
0.0247124
0.0247124
0.024464
0.0244906
0.0254725
0.0252833
0.0253606
0.0259054
0.0257535
0.0258633
0.0262317
0.0267929
0.0260915
0.0256358
0.0260791
0.0272168
0.0259721
0.0249373
0.0241394
0.0244624
0.0233499
0.0224843
0.0224753
0.0213091
0.0204093
0.0198121
0.0189314
0.0180058
0.0174224
0.017216
0.0164552
0.014813
0.0134757
0.0136128
0.0151812
0.0129191
0.0108102
0.00896298
0.0101949
0.00794058
0.00597402
0.00761284
0.00517654
0.00302618
0.00224478
0.00289648
0.00029793
0.00230389
0.0072407
0.00509591
0.00360954
0.00368909
0.00510188
0.00774937
0.00639537
0.00593874
0.00777859
0.00696573
0.00707506
0.00806917
0.00763025
0.00790741
0.00896402
0.0105688
0.00973715
0.00849161
0.0079324
0.00961122
0.00820225
0.0110166
0.00903773
0.00745093
0.0102746
0.00813076
0.00633802
0.00526799
0.00715624
0.00506757
0.00369712
0.00590324
0.00352916
0.00189257
0.00286856
0.00904355
0.00651102
0.0040646
0.00800533
0.0115284
0.00924938
0.00719158
0.00560415
0.00857439
0.00712998
0.00645547
0.00840265
0.00778311
0.00800431
0.00900452
0.00913127
0.00997556
0.011365
0.0111165
0.0111165
0.0109346
0.0113611
0.0116372
0.0130923
0.0123105
0.0120503
0.0123446
0.0122523
0.0122015
0.0126947
0.0119669
0.012075
0.012725
0.0138407
0.0117786
0.0107605
0.010313
0.0105095
0.00937856
0.0106029
0.00891357
0.00774602
0.00901892
0.00715822
0.00588722
0.00562125
0.00536653
0.00387888
0.0038486
0.00392489
0.00181336
0.00216605
0.00442891
0.00799982
0.00567168
0.00372275
0.00869679
0.00685366
0.011626
0.00985293
0.00851572
0.0129296
0.0115146
0.0105603
0.0101966
0.0135963
0.0128544
0.0126147
0.0155618
0.0149772
0.0148319
0.0151385
0.0207326
0.0196969
0.0189636
0.0216167
0.0244678
0.0231867
0.022138
0.021356
0.023418
0.0224588
0.0217695
0.0233953
0.0224955
0.0218694
0.0215411
0.0221892
0.0215962
0.0213061
0.0213313
0.022439
0.0213056
0.0204418
0.020963
0.0223971
0.020695
0.0191953
0.0202998
0.0185215
0.0169567
0.0156696
0.0160843
0.0144434
0.0131164
0.0122061
0.0118231
0.0103896
0.00946692
0.0137162
0.0112318
0.00881427
0.00653836
0.0101962
0.0153071
0.0127529
0.010222
0.0161718
0.0137797
0.0114783
0.0114783
0.0180186
0.0158335
0.0137931
0.0199904
0.0180025
0.0161889
0.0146149
0.0279128
0.0259508
0.0241098
0.0294557
0.0347696
0.0327848
0.0308914
0.0291073
0.0340277
0.0321868
0.0304567
0.0347071
0.0329141
0.0312348
0.0296885
0.033257
0.031619
0.0301167
0.0384235
0.036525
0.0347176
0.0330162
0.0357941
0.0385688
0.0365905
0.0346944
0.0328946
0.0349647
0.0330638
0.0312637
0.0329232
0.0310161
0.0292162
0.0275443
0.0320156
0.0299023
0.0278715
0.0259424
0.027022
0.0284543
0.0261988
0.0240131
0.021918
0.0228094
0.0205699
0.0184253
0.019247
0.0169405
0.0147321
0.0126732
0.013279
0.0109701
0.00882475
0.0137949
0.0111952
0.00859565
0.00599649
0.00859955
0.0115585
0.00928176
0.00722648
0.0105643
0.00889248
0.0077504
0.00738791
0.00988765
0.00963031
0.0100618
0.0115596
0.0119756
0.0129121
0.0142672
0.0149392
0.0151659
0.0158225
0.016481
0.0179497
0.017704
0.0178379
0.0183431
0.0187034
0.0188268
0.0193028
0.0192877
0.0193963
0.0198478
0.0206197
0.0195198
0.0199504
0.0207012
0.0194778
0.0187586
0.0183821
0.0183821
0.0184291
0.0198202
0.018294
0.0170301
0.0183489
0.0166704
0.0152525
0.0141738
0.0149706
0.0133197
0.0120097
0.0135572
0.0115579
0.00984326
0.00858576
0.0168918
0.0143083
0.011732
0.0171594
0.0145718
0.0200234
0.0175043
0.0150129
0.0125655
0.0180168
0.0156924
0.0134691
0.0187671
0.0166503
0.0146895
0.0129557
0.0175033
0.0158224
0.014417
0.0249051
0.0230712
0.0213966
0.0199216
0.0300495
0.0281728
0.0264189
0.0248139
0.0285893
0.0269046
0.0253749
0.0285618
0.0269413
0.0254835
0.0242179
0.0266498
0.0252507
0.0240521
0.0303256
0.0285065
0.0268165
0.0252813
0.0273749
0.0300295
0.0280226
0.0261205
0.0286521
0.0265711
0.0245891
0.0227319
0.025105
0.0230094
0.0210268
0.0191921
0.021616
0.019461
0.0174278
0.0263272
0.0237923
0.0212732
0.0187761
0.0228981
0.027013
0.0244133
0.0218137
0.0258393
0.0232595
0.0206847
0.0181171
0.0222926
0.019787
0.0173091
0.0213283
0.0189401
0.0166155
0.0143855
0.0251284
0.0228956
0.0207485
0.025041
0.0293048
0.0271489
0.0250773
0.0231127
0.0269815
0.0250149
0.0250149
0.0231733
0.0264022
0.0246173
0.0230672
0.0312117
0.0293109
0.0276675
0.026173
0.0290716
0.0321823
0.0305646
0.0290103
0.0277638
0.0304753
0.0291333
0.0281212
0.0272407
0.0291946
0.0284383
0.0278477
0.0293926
0.0288372
0.0285979
0.0322817
0.0314779
0.030794
0.0303925
0.0317034
0.0332133
0.0324627
0.0319752
0.0316954
0.0325989
0.0322665
0.0322085
0.0327637
0.0326398
0.0327837
0.0332615
0.033135
0.0334631
0.0340681
0.0333321
0.0333957
0.0333957
0.0336632
0.0333044
0.0333189
0.0333006
0.0334079
0.0330759
0.033258
0.0336376
0.0342082
0.0332224
0.0337689
0.0345044
0.0331558
0.0338795
0.0348515
0.0359845
0.0316749
0.0322144
0.0329573
0.0312507
0.0299961
0.0302602
0.0308751
0.0315558
0.0296225
0.0302984
0.0311764
0.0290906
0.0298962
0.0308509
0.0321254
0.0293694
0.030531
0.0318679
0.025592
0.0261443
0.0270298
0.02813
0.0253544
0.0231882
0.0236168
0.0245048
0.0255375
0.0227604
0.0227604
0.0236489
0.0209654
0.0216849
0.0225898
0.0238359
0.020363
0.0214336
0.0226666
0.0242009
0.0154726
0.0161138
0.0172212
0.0126359
0.00932665
0.00897354
0.00945655
0.00581044
0.0052286
0.00596077
0.00757121
0.00116542
0.00282074
0.00532706
0.00302714
0.00420154
0.00625567
0.00861475
0.0122863
0.0117308
0.0116405
0.012124
0.0210457
0.0202436
0.0197557
0.0196053
0.0238568
0.023561
0.0235519
0.0239272
0.027232
0.0273397
0.0276936
0.0308899
0.0310684
0.0314362
0.0383681
0.0380226
0.0378539
0.0378644
0.0410225
0.0443224
0.0438952
0.0437199
0.0435994
0.0460286
0.0457977
0.0458144
0.0458794
0.0475048
0.0475651
0.0476682
0.050405
0.0500416
0.049903
0.0509019
0.0505641
0.0515147
0.0510596
0.0507346
0.0511448
0.0508047
0.0504964
0.0503215
0.0501395
0.0498369
0.0496694
0.0496386
0.0487064
0.0485191
0.0484716
0.0465364
0.0458769
0.045358
0.0449845
0.0434108
0.0421033
0.0411978
0.0405387
0.0389178
0.0379543
0.0371492
0.0352605
0.0342182
0.0333478
0.0327618
0.0301995
0.0292947
0.0286148
0.0256424
0.0240581
0.0240581
0.0226639
0.0211412
0.0204523
0.0183068
0.0162997
0.0143787
0.0136287
0.0113375
0.0090423
0.00706635
0.00694665
0.00435095
0.00173803
0.000943819
0.0131806
0.0123925
0.0121061
0.018594
0.025451
0.0252025
0.0253154
0.0258209
0.0325111
0.0329614
0.0337047
0.039926
0.040727
0.041676
0.0427632
0.0484816
0.0496025
0.0508297
0.0607093
0.0618544
0.063088
0.0644212
0.0696236
0.0749501
0.076263
0.0776173
0.0791507
0.0841125
0.085733
0.0874022
0.090558
0.092158
0.0938219
0.0953954
0.0998121
0.101367
0.102965
0.109024
0.110422
0.111764
0.113133
0.116327
0.11905
0.120298
0.121603
0.122836
0.125126
0.126279
0.127484
0.129454
0.130582
0.131744
0.132849
0.134823
0.135801
0.136816
0.138036
0.138958
0.13981
0.140629
0.141493
0.141792
0.142547
0.143246
0.14399
0.143717
0.144344
0.144913
0.145531
0.142773
0.143153
0.143578
0.141514
0.141799
0.139231
0.139231
0.139371
0.136332
0.136428
0.136573
0.136668
0.133112
0.133263
0.133465
0.133617
0.125374
0.125454
0.125488
0.120807
0.120906
0.116031
0.116003
0.116134
0.110864
0.110873
0.111042
0.111273
0.105379
0.105498
0.105781
0.0997251
0.0999127
0.100267
0.100688
0.0870569
0.0872818
0.087683
0.0881596
0.0737012
0.0741179
0.0746234
0.0751992
0.0675683
0.0682381
0.069
0.061385
0.0622598
0.06323
0.0642915
0.0564848
0.057698
0.0590015
0.0417313
0.0432536
0.0448759
0.0465877
0.0395051
0.0329678
0.0350511
0.0372113
0.0394793
0.0347242
0.0371841
0.0396257
0.0421218
0.0386418
0.0412079
0.0437972
0.0463886
0.0394645
0.0420388
0.0446069
0.0435819
0.0431099
0.0454993
0.0479114
0.0475136
0.0498778
0.0522293
0.0546041
0.0541744
0.0564742
0.0587996
0.0581295
0.0604267
0.0627069
0.0650117
0.0610493
0.0631623
0.0653111
0.0674922
0.0660792
0.064608
0.0666102
0.0686247
0.0667748
0.068743
0.0707526
0.072855
0.0704449
0.0724208
0.0744921
0.076541
0.0688697
0.0707006
0.0726417
0.0674801
0.0692304
0.0659
0.0675089
0.0691062
0.0653076
0.066847
0.0683796
0.0699141
0.0653617
0.0668496
0.0682682
0.0633937
0.0647885
0.0661151
0.0675901
0.0550475
0.0562227
0.0574258
0.051355
0.0449052
0.0459522
0.0471949
0.0484112
0.0410848
0.0422729
0.0436675
0.0361873
0.0376389
0.0391159
0.0407643
0.0336074
0.035417
0.0372262
0.0234199
0.0257808
0.0281884
0.0305376
0.027671
0.0267181
0.0293285
0.03194
0.0345524
0.0354348
0.0379971
0.0379971
0.0402273
0.0426604
0.0450213
0.0475313
0.0500765
0.0523668
0.0546191
0.0584232
0.0602918
0.0622088
0.0641859
0.0670285
0.0700094
0.0716743
0.0732966
0.0761312
0.0775738
0.0790762
0.0806348
0.0829926
0.0843753
0.0857174
0.0877121
0.0889889
0.0902297
0.0914302
0.0931409
0.0941183
0.0950568
0.0959916
0.0966621
0.097355
0.0981132
0.0988354
0.0987337
0.0992927
0.0999169
0.0992416
0.0995928
0.100012
0.100494
0.0990235
0.0993341
0.0996125
0.0996125
0.0953991
0.0953886
0.0953495
0.0929674
0.0903264
0.090074
0.0899958
0.0899931
0.0868096
0.0866353
0.0866387
0.0830011
0.082838
0.0828563
0.0829566
0.0786131
0.078548
0.0786691
0.0694531
0.0691811
0.0691059
0.069129
0.0637412
0.0582552
0.0580671
0.058004
0.0520964
0.0519801
0.0519944
0.0456023
0.0454861
0.0456186
0.0458992
0.039093
0.0394033
0.0398821
0.0405233
0.0258201
0.0263065
0.0270367
0.0203474
0.0213865
0.0153013
0.0167821
0.0184769
0.0136763
0.016004
0.018364
0.0160338
0.0186394
0.0212455
0.0238416
0.0232519
0.0257995
0.0283691
0.0280346
0.0301521
0.0323414
0.034631
0.0362997
0.0383832
0.0402346
0.0421743
0.0441493
0.0459663
0.0479181
0.0498703
0.0518801
0.0534258
0.0553491
0.0573266
0.0581033
0.0599213
0.0617301
0.0635943
0.0645654
0.0652637
0.0669469
0.0686146
0.0704734
0.0707689
0.0724936
0.0743366
0.0744058
0.0761262
0.0778959
0.079777
0.0793712
0.0811332
0.0830056
0.0848523
0.0810981
0.0827421
0.0845047
0.0826264
0.0807424
0.0822261
0.0837478
0.0815398
0.0829812
0.0829812
0.0845549
0.0819125
0.0833291
0.0848023
0.0820316
0.0834367
0.0848987
0.0864905
0.0782433
0.0795147
0.0808502
0.0771569
0.0732351
0.0743891
0.0756442
0.0769353
0.0723958
0.0736398
0.0750353
0.0764141
0.0716003
0.0730339
0.0744522
0.0692897
0.0706949
0.0722441
0.0737772
0.0607897
0.0622743
0.0637537
0.0577272
0.0510978
0.0526434
0.0541954
0.0558262
0.0492335
0.0509392
0.0527189
0.0460547
0.0480022
0.0499501
0.0519558
0.0454509
0.0475764
0.0497477
0.0360842
0.0384831
0.0408752
0.0432922
0.0382227
0.0341726
0.0367586
0.0393473
0.0362736
0.0388809
0.0414882
0.0440866
0.0416025
0.0441851
0.0467705
0.0449172
0.0474487
0.0499881
0.0525057
0.0473696
0.0496917
0.0520408
0.054278
0.0510693
0.0530704
0.0550558
0.0571549
0.0570987
0.0590271
0.0609364
0.0613221
0.0631458
0.0649492
0.0668771
0.0671765
0.0689625
0.0707242
0.0726101
0.0711662
0.072535
0.0741016
0.0743412
0.0747897
0.0759448
0.0772597
0.078639
0.0786661
0.0799365
0.0812707
0.0812466
0.0823888
0.0836861
0.0850436
0.0843916
0.0856531
0.0856531
0.0832902
0.0842496
0.0851501
0.0862433
0.0850796
0.0837472
0.0845994
0.0855226
0.083986
0.0847286
0.0856396
0.0866195
0.0844096
0.0853067
0.0862734
0.0802911
0.080866
0.0816172
0.0824442
0.0790553
0.0797852
0.0763462
0.0770288
0.0776958
0.0739546
0.0746572
0.0753465
0.0711593
0.0718827
0.0726925
0.07349
0.0688322
0.0696859
0.0705304
0.0715538
0.0597201
0.0605165
0.0612887
0.055472
0.0495961
0.0502793
0.0511816
0.0521986
0.0458715
0.04682
0.0479828
0.0492564
0.0430767
0.0444286
0.045889
0.0400412
0.0415418
0.0432269
0.045
0.0325883
0.0345022
0.0365637
0.0323672
0.0284732
0.0308879
0.0333316
0.0357602
0.0330639
0.0356319
0.0382052
0.0361917
0.0387988
0.041406
0.044004
0.0389805
0.0415168
0.0440615
0.0466257
0.0459847
0.0457466
0.0481824
0.0506059
0.0530468
0.0527864
0.0551988
0.0575963
0.057077
0.0594469
0.0618002
0.0641732
0.0632555
0.0656041
0.067934
0.063568
0.0657658
0.0678566
0.0700638
0.0685491
0.067039
0.0690775
0.0711533
0.0691487
0.0711502
0.0731898
0.0752645
0.0705357
0.0725553
0.0744966
0.0715971
0.0733843
0.0752358
0.0771326
0.0682486
0.0697685
0.0713472
0.072998
0.0633553
0.0646217
0.065966
0.0673188
0.0623477
0.0635926
0.0648449
0.0595307
0.0607031
0.0619018
0.0631064
0.057277
0.0584394
0.0596385
0.0608926
0.0461722
0.0472316
0.0484085
0.0411053
0.0333244
0.034487
0.0357606
0.0370835
0.0299238
0.0313864
0.0330806
0.0267377
0.028673
0.0307194
0.0327436
0.0280664
0.0304225
0.0327671
0.0262668
0.0262668
0.0288237
0.0290817
0.0316063
0.0329292
0.0353428
0.0378119
0.0396421
0.0419876
0.044337
0.0467382
0.0487422
0.0510476
0.0533588
0.0556918
0.057313
0.059481
0.0616938
0.0634973
0.0656724
0.0674161
0.0695584
0.0717209
0.0739226
0.0751758
0.077336
0.0795113
0.0803592
0.0824818
0.0847389
0.0869097
0.0855631
0.0875548
0.0895777
0.0896095
0.0915613
0.0914127
0.0932976
0.0953099
0.0972579
0.0966227
0.0985036
0.10041
0.0993039
0.101133
0.103004
0.098537
0.100299
0.101985
0.103723
0.101821
0.103491
0.101474
0.103083
0.10471
0.10237
0.104035
0.105665
0.107331
0.104385
0.105996
0.107625
0.104476
0.106056
0.107695
0.109451
0.10043
0.101916
0.103471
0.0994341
0.0952479
0.0966618
0.0981517
0.099661
0.0949525
0.0964346
0.0979878
0.0930025
0.0945405
0.0961003
0.0977255
0.0924005
0.0939994
0.0957599
0.082594
0.0841822
0.0857984
0.0874802
0.0814146
0.0749236
0.0766022
0.0784453
0.0720531
0.0738472
0.0756772
0.0775588
0.0711337
0.073076
0.0750554
0.0770712
0.0705384
0.0705384
0.0726215
0.0576899
0.0599657
0.0622552
0.0645667
0.0581504
0.0518588
0.0543297
0.0569327
0.0594182
0.0535859
0.0561629
0.0588345
0.0530469
0.0556869
0.0582847
0.0608827
0.0477453
0.0502504
0.052846
0.0553956
0.0497275
0.0444808
0.0468667
0.0492023
0.0437869
0.0460711
0.0483145
0.0506053
0.0449056
0.0470085
0.0492296
0.0436483
0.0457807
0.0479001
0.0500651
0.0358626
0.0378736
0.0399527
0.0337911
0.0274454
0.0294612
0.0315639
0.0336904
0.0247797
0.0268298
0.0290869
0.0225586
0.0249439
0.0272988
0.0297592
0.0236123
0.0261956
0.0286888
0.0168398
0.0192862
0.0217312
0.0242533
0.0218914
0.021806
0.0235069
0.0252888
0.0272128
0.0274546
0.029122
0.0308429
0.0313917
0.032885
0.0344686
0.0362537
0.036478
0.0379876
0.0395699
0.0412577
0.0403803
0.0414236
0.0426583
0.0429578
0.0436828
0.0443981
0.0451369
0.0455816
0.0461627
0.0469811
0.047809
0.0474722
0.0482449
0.049049
0.0484606
0.0490935
0.0499643
0.0508596
0.0479493
0.0483678
0.0488229
0.04762
0.0464862
0.0465931
0.0467507
0.0470451
0.0452377
0.0453693
0.0457487
0.0434808
0.0436074
0.04399
0.0444254
0.0414844
0.0417711
0.0423181
0.0357934
0.0355016
0.0354734
0.03554
0.0321577
0.0296884
0.0289969
0.0284361
0.0262833
0.0254022
0.0247103
0.0243339
0.0219471
0.0210113
0.0204961
0.0187293
0.0176102
0.0167384
0.0163435
0.0171248
0.0149703
0.0130486
0.01552
0.0132566
0.017223
0.0146545
0.0120997
0.00967683
0.0145802
0.0119631
0.00933651
0.0148331
0.0123185
0.00975007
0.00721683
0.0221523
0.0195853
0.0170791
0.0224001
0.0199493
0.024883
0.0224783
0.0201712
0.0248086
0.0225
0.0203159
0.0183026
0.0227005
0.0207075
0.0188676
0.0227978
0.0210468
0.019398
0.0180634
0.0270893
0.0253201
0.0236214
0.0222564
0.0313916
0.0295207
0.0279056
0.0264178
0.0302468
0.0286278
0.0273135
0.0306691
0.0293614
0.0281476
0.0272785
0.0301233
0.0290868
0.0283926
0.0346613
0.0333532
0.0322519
0.0314701
0.0338223
0.0365698
0.035385
0.0343627
0.0380189
0.0368389
0.0357651
0.0347088
0.036595
0.0353953
0.03421
0.033268
0.0375229
0.0358334
0.0342514
0.032703
0.0337668
0.0354908
0.033426
0.031295
0.0292687
0.0307885
0.0285248
0.0263044
0.024031
0.0256529
0.023266
0.0208058
0.0295343
0.026997
0.0244667
0.021899
0.0264623
0.0315565
0.0294274
0.0275266
0.0256723
0.0314491
0.0299802
0.0286736
0.0351234
0.0341667
0.0334832
0.0330899
0.0479389
0.0475048
0.0473096
0.0473574
0.0550198
0.0627605
0.0627023
0.0627371
0.0629808
0.0701261
0.0704094
0.070683
0.0776748
0.0779683
0.0783483
0.0789051
0.0855813
0.086142
0.0866795
0.0872787
0.0986534
0.0991275
0.0997676
0.105177
0.110051
0.110552
0.111113
0.11545
0.11602
0.116755
0.117445
0.12128
0.121972
0.122731
0.125969
0.126753
0.127684
0.128541
0.133674
0.134488
0.135349
0.136326
0.141421
0.142327
0.143178
0.144072
0.146923
0.147804
0.148823
0.149785
0.152309
0.153257
0.154244
0.157785
0.158651
0.159628
0.160568
0.1624
0.163939
0.164752
0.16572
0.166627
0.16779
0.168631
0.169529
0.170559
0.171155
0.172143
0.173043
0.172409
0.173167
0.173962
0.174868
0.17433
0.173621
0.174325
0.175164
0.175921
0.17455
0.17538
0.176146
0.174489
0.175215
0.176075
0.176872
0.174636
0.175476
0.17627
0.170019
0.170668
0.171338
0.172158
0.168815
0.165186
0.165794
0.166551
0.167248
0.163185
0.163956
0.164651
0.160291
0.16098
0.161808
0.162556
0.151617
0.15237
0.15237
0.146856
0.147499
0.141624
0.142159
0.142641
0.143168
0.137076
0.13751
0.137894
0.131465
0.131865
0.132216
0.132618
0.12572
0.125955
0.126314
0.11286
0.113122
0.113223
0.113478
0.106983
0.100916
0.101044
0.101146
0.0952353
0.0954186
0.0955415
0.095686
0.0895711
0.0897737
0.0899145
0.0901791
0.0776991
0.0779039
0.0781122
0.0713953
0.0717402
0.0651967
0.0655526
0.0658683
0.0598185
0.0602402
0.060697
0.0613369
0.0546535
0.0553117
0.0560254
0.0503462
0.0511602
0.0520932
0.0531388
0.0413612
0.0426082
0.0438774
0.0452548
0.0346688
0.0363549
0.0381372
0.0400207
0.0362986
0.038376
0.0404548
0.0425919
0.0401071
0.0424248
0.0447221
0.0470229
0.0416654
0.0442041
0.0466767
0.0461285
0.0459298
0.0485253
0.051078
0.053722
0.0537445
0.056368
0.0589585
0.0615495
0.0619744
0.064545
0.0671878
0.0658385
0.0684761
0.0711038
0.0736323
0.0745003
0.0753991
0.0779973
0.0779973
0.0805966
0.0814048
0.0840002
0.0865903
0.0874084
0.0900047
0.0926013
0.0952082
0.095997
0.098613
0.10113
0.103761
0.102578
0.105104
0.107749
0.10846
0.109073
0.111639
0.114234
0.114569
0.117193
0.119722
0.122379
0.122503
0.125102
0.127702
0.127761
0.130309
0.132948
0.135536
0.132872
0.135512
0.138064
0.137857
0.140461
0.14026
0.142834
0.145408
0.144977
0.14761
0.150215
0.152765
0.15209
0.15468
0.15468
0.153854
0.156394
0.158996
0.161598
0.156574
0.159123
0.161738
0.160225
0.158357
0.160904
0.163521
0.166138
0.163778
0.166393
0.168937
0.171552
0.168944
0.171555
0.174093
0.170978
0.173584
0.176124
0.166005
0.168591
0.171179
0.173767
0.169854
0.165513
0.168078
0.170644
0.173212
0.1688
0.171357
0.173916
0.169341
0.171806
0.174356
0.176908
0.171852
0.174393
0.176853
0.164051
0.16657
0.169092
0.163421
0.165935
0.160436
0.162943
0.165367
0.159687
0.162193
0.164702
0.167128
0.161039
0.163548
0.166061
0.168577
0.15401
0.15652
0.159033
0.15275
0.15518
0.149144
0.151664
0.154188
0.148056
0.150588
0.153122
0.155659
0.149395
0.151858
0.154407
0.148597
0.151156
0.153636
0.156142
0.142412
0.144993
0.147497
0.142399
0.137805
0.140406
0.143007
0.145533
0.141443
0.144052
0.146662
0.143293
0.145907
0.148522
0.151137
0.148171
0.150788
0.153405
0.14541
0.148024
0.150574
0.153188
0.150534
0.147648
0.147648
0.15019
0.147462
0.150055
0.15265
0.155186
0.152579
0.155164
0.157751
0.155052
0.157574
0.160151
0.16273
0.154127
0.156628
0.159183
0.161739
0.157687
0.153424
0.15595
0.158478
0.154087
0.156556
0.159075
0.161596
0.156795
0.159304
0.161771
0.164286
0.151902
0.15439
0.156839
0.151437
0.153921
0.148594
0.15103
0.153511
0.148003
0.150481
0.152963
0.155406
0.14943
0.151913
0.154401
0.156849
0.143185
0.145671
0.148162
0.150613
0.145352
0.14075
0.14325
0.145755
0.141426
0.143937
0.146452
0.14897
0.1446
0.147125
0.149653
0.145511
0.147997
0.150534
0.153074
0.141343
0.14389
0.146389
0.141368
0.135985
0.138543
0.141051
0.143614
0.13778
0.140347
0.142862
0.145432
0.139816
0.142389
0.144964
0.147486
0.13268
0.135258
0.137837
0.131112
0.124204
0.126781
0.12936
0.131885
0.124747
0.127325
0.129904
0.132429
0.125758
0.128336
0.130916
0.115551
0.118063
0.12063
0.1232
0.117526
0.112331
0.112331
0.114874
0.117421
0.112499
0.115019
0.117589
0.113201
0.115751
0.118302
0.120855
0.116762
0.119347
0.121933
0.124477
0.115336
0.117906
0.120476
0.118095
0.115904
0.118498
0.12107
0.123642
0.12183
0.124439
0.12697
0.12958
0.127948
0.130525
0.133087
0.127797
0.13032
0.132939
0.135456
0.1345
0.133601
0.136081
0.138663
0.14125
0.140456
0.143036
0.145625
0.144918
0.147508
0.150085
0.152689
0.149474
0.152053
0.154648
0.151491
0.154086
0.156609
0.159229
0.15906
0.158855
0.161487
0.164053
0.163907
0.1665
0.169093
0.171718
0.171252
0.173909
0.176472
0.179069
0.175136
0.177775
0.180414
0.179381
0.181972
0.180867
0.18346
0.186007
0.184612
0.187211
0.189809
0.187948
0.190513
0.193128
0.195743
0.193535
0.196126
0.198632
0.196043
0.198479
0.201053
0.203601
0.195071
0.197648
0.200145
0.196855
0.190516
0.193026
0.195614
0.191742
0.194342
0.196868
0.199469
0.195398
0.198008
0.200546
0.203157
0.191864
0.194558
0.19711
0.192726
0.195283
0.190573
0.193132
0.195757
0.198317
0.193609
0.196311
0.198872
0.194077
0.196638
0.199262
0.201823
0.19665
0.199211
0.201913
0.188981
0.191599
0.194158
0.196777
0.191239
0.185896
0.188454
0.191069
0.193708
0.188264
0.190821
0.193435
0.195992
0.190167
0.192782
0.195338
0.181592
0.18423
0.186845
0.189402
0.183653
0.178133
0.18075
0.183309
0.177911
0.180471
0.18317
0.18573
0.180204
0.182764
0.185386
0.180181
0.182805
0.185366
0.187927
0.17497
0.17753
0.180155
0.182714
0.170149
0.172701
0.175323
0.177876
0.173207
0.175825
0.178442
0.18099
0.177062
0.179602
0.182215
0.178682
0.181288
0.183821
0.186496
0.177522
0.180111
0.182626
0.179585
0.176322
0.178812
0.181384
0.183878
0.180578
0.183061
0.185626
0.181885
0.184439
0.186915
0.189473
0.185342
0.18789
0.18789
0.176614
0.179081
0.181605
0.184159
0.179558
0.175039
0.177606
0.180174
0.182744
0.177917
0.180513
0.183141
0.185685
0.18048
0.183106
0.185627
0.172702
0.175307
0.177862
0.180554
0.174812
0.169355
0.171949
0.174582
0.168936
0.17157
0.174158
0.176698
0.170692
0.173278
0.175822
0.169769
0.172315
0.174861
0.159543
0.162142
0.16461
0.16708
0.161128
0.155593
0.158033
0.160526
0.162982
0.157315
0.157315
0.159745
0.154121
0.156641
0.159163
0.161633
0.156043
0.158649
0.161162
0.147238
0.149887
0.152476
0.155065
0.149876
0.144441
0.146971
0.149628
0.15219
0.146767
0.149363
0.151992
0.146388
0.149018
0.151588
0.154193
0.148262
0.15087
0.15342
0.139635
0.142191
0.144693
0.147197
0.141379
0.135866
0.13842
0.140926
0.135666
0.138131
0.14056
0.143034
0.137764
0.140203
0.14265
0.137532
0.139948
0.139948
0.142281
0.12891
0.131346
0.133829
0.128102
0.122347
0.124875
0.127406
0.129941
0.12418
0.126617
0.129279
0.131806
0.126381
0.128944
0.131595
0.126267
0.128867
0.13142
0.134062
0.121207
0.123799
0.126392
0.121903
0.117321
0.11992
0.122555
0.125118
0.121216
0.12384
0.126403
0.123234
0.12583
0.128425
0.125901
0.128569
0.13114
0.133784
0.128302
0.130932
0.133548
0.132611
0.135228
0.134732
0.134732
0.137339
0.136948
0.139553
0.142154
0.144759
0.144302
0.146901
0.149498
0.152095
0.148894
0.151474
0.153947
0.15367
0.156238
0.156038
0.158577
0.161119
0.160758
0.163282
0.16581
0.168356
0.167596
0.170107
0.172621
0.171613
0.174108
0.176606
0.179128
0.173171
0.175524
0.177978
0.175914
0.173446
0.175844
0.17828
0.180689
0.177629
0.180011
0.182432
0.179235
0.181597
0.184
0.186374
0.18289
0.185239
0.187632
0.177519
0.179813
0.182154
0.184464
0.180404
0.17594
0.178243
0.180512
0.182789
0.17828
0.180541
0.18281
0.178017
0.180316
0.18258
0.184853
0.179642
0.181902
0.184081
0.171301
0.173581
0.175826
0.178081
0.172325
0.166583
0.168824
0.171075
0.165211
0.167465
0.16973
0.172046
0.165763
0.168045
0.170335
0.172674
0.158183
0.160398
0.162753
0.156337
0.158671
0.1525
0.154892
0.157255
0.15124
0.153661
0.156056
0.158458
0.152418
0.154875
0.157307
0.159746
0.146359
0.148839
0.151226
0.143407
0.145912
0.141346
0.143876
0.146408
0.142358
0.144911
0.147466
0.150023
0.146214
0.148787
0.151362
0.14805
0.150638
0.153226
0.155815
0.146912
0.149516
0.15202
0.148971
0.146006
0.148614
0.151221
0.15382
0.150809
0.153415
0.156009
0.158615
0.155653
0.158255
0.160843
0.157481
0.160078
0.162659
0.165257
0.154334
0.156818
0.15938
0.155
0.1503
0.152838
0.155403
0.15797
0.15331
0.155842
0.158402
0.153564
0.156089
0.158643
0.161199
0.148249
0.150758
0.153299
0.155747
0.150421
0.144813
0.147346
0.149882
0.144398
0.146933
0.149471
0.151981
0.146428
0.148969
0.151512
0.154028
0.148162
0.15071
0.153231
0.139409
0.141965
0.144426
0.14696
0.141187
0.135634
0.138185
0.14076
0.135236
0.13782
0.140385
0.142971
0.137388
0.139964
0.142559
0.137441
0.140042
0.142628
0.14523
0.132883
0.135382
0.13799
0.133693
0.129697
0.132298
0.134902
0.137506
0.133459
0.136056
0.138654
0.141251
0.137487
0.137487
0.140075
0.129932
0.132499
0.135055
0.137613
0.1338
0.130153
0.132662
0.135175
0.13771
0.133931
0.136421
0.138916
0.135473
0.137943
0.140418
0.142921
0.139324
0.141781
0.144243
0.146734
0.136092
0.138499
0.140849
0.136607
0.13204
0.134403
0.136808
0.132309
0.134661
0.137058
0.139428
0.134734
0.137089
0.139489
0.134364
0.136716
0.139112
0.141481
0.128735
0.131072
0.133362
0.135718
0.130054
0.124556
0.126939
0.129296
0.1237
0.126098
0.12847
0.130852
0.124918
0.127342
0.129741
0.124015
0.126459
0.12888
0.131309
0.11667
0.11915
0.12161
0.115474
0.109239
0.111744
0.114253
0.116766
0.110443
0.112981
0.115523
0.118081
0.112348
0.114913
0.117479
0.112158
0.114742
0.117327
0.119818
0.107421
0.110026
0.112631
0.108241
0.104027
0.106632
0.109227
0.105511
0.108111
0.110712
0.113298
0.109653
0.112246
0.114821
0.117415
0.113451
0.116034
0.1185
0.107573
0.110125
0.112653
0.11521
0.110559
0.103556
0.106072
0.10856
0.103917
0.106421
0.108896
0.111411
0.106358
0.108857
0.111327
0.10632
0.108813
0.111182
0.113685
0.100473
0.102948
0.105391
0.100005
0.0945191
0.0969488
0.0994254
0.101909
0.0960451
0.098494
0.100987
0.103485
0.0977539
0.10026
0.10277
0.0970413
0.0994346
0.10196
0.104489
0.0902575
0.0928068
0.0953592
0.0897598
0.0843575
0.08694
0.0895239
0.0920888
0.0875576
0.090155
0.0927529
0.0888335
0.0914387
0.0940441
0.0965386
0.0874647
0.0900697
0.0926748
0.0952767
0.0926135
0.0899181
0.0925077
0.0950925
0.0925329
0.0950991
0.0976769
0.100247
0.0975548
0.100115
0.102664
0.105216
0.102221
0.104664
0.10719
0.0992453
0.101713
0.104161
0.101509
0.103912
0.101441
0.103795
0.106162
0.103498
0.105814
0.108142
0.110483
0.107323
0.10961
0.111912
0.108782
0.110943
0.11321
0.11549
0.106668
0.108817
0.110985
0.107603
0.103929
0.105985
0.108064
0.110218
0.106007
0.108066
0.110202
0.112305
0.10794
0.11001
0.11207
0.105427
0.107465
0.109526
0.111557
0.0995474
0.101417
0.103238
0.0978579
0.0919854
0.0936352
0.0953258
0.0969997
0.0909134
0.0925437
0.0942191
0.0878296
0.0893976
0.0910976
0.0927069
0.0773263
0.0788213
0.0804589
0.0736753
0.075275
0.0683376
0.0700211
0.0716676
0.0734327
0.0668358
0.0686545
0.0704056
0.0642876
0.0660975
0.0680556
0.0699585
0.0640951
0.0661814
0.0682052
0.056508
0.0587547
0.0611517
0.0634778
0.0597879
0.0572915
0.0598452
0.0598452
0.0587492
0.0612957
0.0639135
0.0639573
0.0666565
0.069216
0.0718354
0.0729038
0.0754885
0.0780248
0.0806141
0.0823068
0.0847693
0.0872988
0.0901542
0.0934696
0.0957701
0.0981071
0.100434
0.103846
0.106115
0.108418
0.111977
0.114226
0.116472
0.11875
0.122162
0.124394
0.126624
0.128884
0.133352
0.135608
0.13777
0.140946
0.143979
0.146084
0.148212
0.150966
0.153084
0.155209
0.157456
0.160058
0.162195
0.164337
0.166501
0.1693
0.171407
0.17352
0.175654
0.177977
0.180068
0.182159
0.184269
0.186152
0.188246
0.190346
0.192466
0.194214
0.196311
0.198427
0.200546
0.201945
0.20405
0.206174
0.206099
0.208167
0.210341
0.212432
0.212809
0.212793
0.21482
0.216861
0.216344
0.218355
0.220377
0.222512
0.221479
0.223483
0.225498
0.224196
0.226182
0.228181
0.230192
0.22431
0.226336
0.22828
0.225895
0.223249
0.225123
0.227017
0.228919
0.225742
0.227619
0.229617
0.226268
0.228146
0.230031
0.231935
0.228229
0.230117
0.230117
0.219842
0.221671
0.223496
0.225247
0.220562
0.215344
0.216941
0.218559
0.213191
0.214799
0.216228
0.217778
0.212044
0.213393
0.214764
0.208459
0.209842
0.211144
0.212371
0.19804
0.199261
0.200411
0.193344
0.194528
0.187371
0.1884
0.18946
0.182032
0.183053
0.1841
0.185185
0.177354
0.178409
0.179397
0.180332
0.164702
0.165728
0.166708
0.167704
0.160276
0.153108
0.154112
0.155125
0.148169
0.148169
0.149239
0.150346
0.143594
0.144923
0.146378
0.140341
0.141918
0.143565
0.145375
0.132641
0.13465
0.136599
0.131573
0.126484
0.128764
0.131061
0.133368
0.128348
0.130718
0.133234
0.135755
0.131027
0.133575
0.136124
0.12486
0.127415
0.130022
0.13263
0.128588
0.124555
0.127095
0.12968
0.132268
0.128031
0.130539
0.13296
0.12897
0.131394
0.133733
0.13621
0.132084
0.134339
0.136603
0.125825
0.125825
0.128022
0.130139
0.125809
0.121038
0.123197
0.125254
0.127426
0.122535
0.124585
0.126751
0.121635
0.12378
0.125847
0.128055
0.115007
0.11712
0.119157
0.12131
0.115543
0.109602
0.11163
0.113776
0.107974
0.110126
0.112203
0.114395
0.108497
0.1107
0.112826
0.106566
0.108708
0.1109
0.113171
0.0980962
0.100377
0.10258
0.104893
0.098065
0.0916096
0.0938671
0.096272
0.0899209
0.0923127
0.0946271
0.0970431
0.0907145
0.0931548
0.0955172
0.0817754
0.084213
0.0866965
0.0891029
0.0836312
0.0861397
0.0810234
0.0835456
0.0859912
0.0808452
0.0833024
0.085847
0.0883154
0.0825213
0.0849964
0.0875562
0.0738105
0.076364
0.0789023
0.0814657
0.0757456
0.0783052
0.0729466
0.0754988
0.0779758
0.0728246
0.0752891
0.0778192
0.0803763
0.0750295
0.0775711
0.080037
0.0751325
0.077577
0.0801109
0.0825688
0.0704306
0.0728055
0.0752788
0.0776764
0.0665415
0.0687993
0.0711686
0.0734649
0.0695238
0.0717901
0.0741334
0.0707992
0.0729864
0.0752902
0.0775219
0.074645
0.074645
0.0768195
0.0791105
0.071837
0.0740287
0.0762472
0.0738641
0.0714392
0.0735675
0.0757098
0.0733157
0.0754767
0.0776755
0.0798848
0.0772676
0.0795
0.0818521
0.0841237
0.0812022
0.0834943
0.0859008
0.0775863
0.0798377
0.0821093
0.0844996
0.0811056
0.0779487
0.0801948
0.0824841
0.0791677
0.081497
0.0838459
0.0861373
0.0825952
0.0849348
0.0873045
0.0839309
0.0862545
0.0887088
0.0910755
0.0812862
0.0836862
0.0860027
0.0822318
0.0784517
0.0784517
0.080791
0.0831815
0.07911
0.0814943
0.0838914
0.0863374
0.082329
0.0847797
0.0872395
0.0763065
0.0787174
0.0811008
0.0835813
0.0793092
0.074865
0.0773174
0.0797505
0.0822442
0.0774697
0.0799913
0.0825192
0.077956
0.0804351
0.0829193
0.0854645
0.0807801
0.0833068
0.0858962
0.0734369
0.0759021
0.0785003
0.081038
0.076038
0.0707492
0.0732373
0.0758012
0.0784355
0.0732682
0.075889
0.078439
0.0731439
0.0757579
0.0783726
0.0727074
0.0727074
0.0753198
0.0779326
0.064638
0.0671643
0.069768
0.0643418
0.0669416
0.0615385
0.0641363
0.0667356
0.0611784
0.0637008
0.0663016
0.0689036
0.0629717
0.0655755
0.068105
0.0623676
0.0649761
0.0675853
0.0701212
0.0560192
0.0586358
0.0612524
0.055753
0.0506277
0.0532359
0.0558449
0.0584547
0.0535788
0.0561698
0.0587631
0.054828
0.0573398
0.0599088
0.0624818
0.0590625
0.0615528
0.0640982
0.0666491
0.0591141
0.0615603
0.0639797
0.0664503
0.0606043
0.0629293
0.0652461
0.0676115
0.0660829
0.0683862
0.0706829
0.0690739
0.0713293
0.0736087
0.0758832
0.070105
0.0721814
0.0742919
0.0764339
0.0746657
0.0731193
0.0750294
0.0769811
0.0789652
0.0772509
0.0791453
0.0810798
0.0791699
0.0810045
0.0828812
0.0847971
0.0823349
0.0841503
0.0860013
0.0878913
0.0810173
0.0826292
0.0842754
0.0818336
0.0796915
0.0810988
0.0825393
0.0800128
0.0813636
0.0827752
0.0842647
0.0809987
0.0823835
0.0838272
0.0803485
0.0816212
0.08305
0.0845358
0.0753821
0.0766025
0.0778917
0.0792465
0.0697095
0.0708347
0.0719997
0.0719997
0.0671508
0.0682616
0.0694851
0.0647256
0.0658873
0.067131
0.0684786
0.0636572
0.0649774
0.0663747
0.0678442
0.0561708
0.057525
0.0589645
0.053624
0.0480934
0.0495512
0.0511015
0.045789
0.0474393
0.0491588
0.0509547
0.0457821
0.0476784
0.0496383
0.0516564
0.0464851
0.0486045
0.050753
0.0387547
0.0410359
0.043355
0.0456753
0.040754
0.0362071
0.0386961
0.0411554
0.0370022
0.0395598
0.0421247
0.0446957
0.0406147
0.0432141
0.0458154
0.0417935
0.0443428
0.0469578
0.0495732
0.0378444
0.0403733
0.0429796
0.0380148
0.0330627
0.0356025
0.03807
0.0406296
0.0353828
0.0379041
0.0403532
0.0352483
0.0377468
0.0402603
0.0427014
0.0374016
0.0399011
0.0424149
0.0288033
0.0311331
0.0335842
0.0360586
0.0304672
0.024549
0.0269867
0.0294552
0.0319474
0.026161
0.0286732
0.0312027
0.0256165
0.0281737
0.0306601
0.0332361
0.027764
0.0303634
0.0328899
0.0212733
0.0238857
0.026499
0.0290479
0.0252356
0.0222996
0.0248291
0.0273242
0.0248162
0.0272983
0.0298036
0.0323266
0.0296665
0.0321303
0.0346165
0.0298657
0.0322618
0.0346519
0.0277128
0.0298464
0.0320517
0.0342903
0.0317894
0.0294921
0.0314476
0.0334936
0.0355992
0.0329412
0.034947
0.0370292
0.0342814
0.0362657
0.0383261
0.0404509
0.0370676
0.0391099
0.0412171
0.0313061
0.0330282
0.0348629
0.0367865
0.0324048
0.0281234
0.029711
0.0314184
0.0272028
0.0287942
0.0305332
0.0323795
0.0279053
0.0296896
0.0315902
0.0335794
0.0288852
0.0308636
0.0329313
0.0225506
0.0245151
0.0265923
0.0287578
0.0247866
0.0212518
0.0235211
0.0258562
0.0225504
0.0249361
0.0273922
0.0297857
0.0265332
0.0290219
0.0315716
0.0341315
0.025666
0.0282075
0.0308119
0.0275727
0.0301883
0.0269907
0.0296075
0.0322244
0.0290198
0.0316314
0.0341711
0.0367846
0.0330482
0.0356538
0.0381863
0.0341347
0.0367327
0.0393334
0.0418603
0.0294716
0.0320449
0.0346249
0.03721
0.0241733
0.0267315
0.0293001
0.0318766
0.0260338
0.0286149
0.031202
0.0337937
0.0281068
0.0307082
0.0333121
0.0278015
0.0304149
0.0329567
0.0200981
0.0226933
0.025293
0.0278349
0.0233406
0.019296
0.0217005
0.0217005
0.0241089
0.0208326
0.0230971
0.0254295
0.022735
0.0247402
0.0269431
0.0292144
0.0267551
0.0288065
0.030949
0.0272795
0.0286663
0.030231
0.0319146
0.0316587
0.032618
0.0335668
0.0347207
0.0359912
0.036714
0.0377109
0.0388911
0.0397784
0.0406398
0.0416481
0.0427107
0.0434685
0.044368
0.0454008
0.0471503
0.0474379
0.0478671
0.0484341
0.0515625
0.0515125
0.0515178
0.0516559
0.05326
0.0532704
0.0533334
0.0535245
0.0546446
0.0547231
0.0548525
0.0579668
0.0575033
0.0571559
0.0570039
0.0585444
0.0581475
0.0596154
0.0591547
0.0587193
0.0597814
0.0591901
0.0587924
0.0593837
0.0587521
0.0581767
0.0577662
0.0579235
0.0573621
0.0569156
0.0577977
0.0569328
0.0560802
0.0553384
0.0552246
0.0552889
0.0541819
0.0531809
0.0526458
0.0515238
0.0506053
0.0497098
0.0485987
0.0475853
0.0467873
0.0460285
0.0442461
0.0433636
0.0427115
0.039832
0.0385604
0.0374288
0.0364504
0.0341358
0.0320869
0.0305976
0.029267
0.0271179
0.0255721
0.0242113
0.0230682
0.0203092
0.0189074
0.0177824
0.0148339
0.0135521
0.0135521
0.0125706
0.0101
0.00768578
0.00546193
0.00557403
0.00796612
0.00596273
0.00462052
0.00447755
0.00823004
0.00862008
0.00972512
0.0112384
0.013584
0.0150111
0.0167284
0.0200544
0.0209195
0.0221448
0.0235977
0.0254509
0.0273346
0.028421
0.0296988
0.0311447
0.0323605
0.0337059
0.0351949
0.0361183
0.0374991
0.0389074
0.0405274
0.0407827
0.0422731
0.0437694
0.042496
0.0435093
0.0446532
0.0458205
0.0454749
0.0453481
0.0461346
0.0470536
0.0480029
0.0472516
0.0481387
0.0491494
0.0479231
0.0487827
0.0497652
0.0508636
0.0467393
0.0472844
0.0479664
0.0461993
0.0467365
0.0447072
0.0450824
0.045605
0.04627
0.0435868
0.0441173
0.0447946
0.0417448
0.0422092
0.0429103
0.043796
0.0399028
0.0406279
0.041413
0.0329181
0.0332346
0.0337517
0.0343703
0.0296289
0.0252216
0.0254105
0.0257782
0.0264787
0.0212392
0.0218162
0.022589
0.0168526
0.0176094
0.0187048
0.0129406
0.0139557
0.0154314
0.0171812
0.00384331
0.00504936
0.00711202
0.00194756
0.00449626
0.00403809
0.00502161
0.00691571
0.00762875
0.00855322
0.0100984
0.0100984
0.0110004
0.0119673
0.0133836
0.014134
0.015125
0.0164762
0.018107
0.01849
0.0187576
0.0193783
0.0204073
0.0222166
0.0220069
0.0220233
0.0223483
0.0230284
0.0231737
0.0235372
0.0237444
0.0238746
0.0242621
0.0249301
0.0241278
0.0245524
0.0252426
0.0237405
0.0233489
0.0232471
0.023439
0.0223571
0.0220498
0.0212949
0.0208435
0.0202349
0.0194513
0.0189989
0.0189013
0.0171269
0.0167514
0.0166908
0.0145915
0.0141847
0.014319
0.0148449
0.0111454
0.00966036
0.00881135
0.00835705
0.0106275
0.00810607
0.00576596
0.00361272
0.00670003
0.00409928
0.00155495
0.00122244
0.00452396
0.0035954
0.00436894
0.0131236
0.0115981
0.010512
0.0100095
0.014158
0.0192082
0.0180071
0.0171248
0.016612
0.02107
0.0203063
0.0198606
0.0197546
0.0232357
0.0229096
0.0227961
0.0260303
0.0255908
0.0254736
0.0329096
0.0319268
0.0311337
0.0304863
0.0336448
0.0371792
0.0360383
0.0350116
0.0380205
0.0368727
0.0358794
0.0350036
0.0373708
0.0363552
0.0355038
0.0348288
0.0366404
0.035743
0.0350186
0.0395117
0.038057
0.0367533
0.0367533
0.0386808
0.0408421
0.0391394
0.0375451
0.039545
0.0378882
0.0363457
0.0350312
0.0368978
0.0353887
0.0341168
0.0358433
0.0343746
0.0331436
0.0320826
0.0372643
0.0356211
0.0340828
0.0364681
0.0394656
0.0375946
0.0360444
0.0344913
0.0374477
0.0359254
0.0345577
0.0333314
0.0361069
0.0349314
0.0338148
0.0367889
0.035643
0.0348452
0.0426027
0.0413775
0.0402145
0.0392626
0.0426503
0.046344
0.0452818
0.0443477
0.0478063
0.0469257
0.0462371
0.0462371
0.0497863
0.0490162
0.0484713
0.0481598
0.051718
0.0512881
0.0510866
0.0588935
0.0583132
0.0579725
0.0576198
0.061447
0.0651805
0.0648215
0.0644712
0.068106
0.0677644
0.0676151
0.0676931
0.0707636
0.0707125
0.0708869
0.0735367
0.0736674
0.0740436
0.074445
0.0786284
0.0789038
0.0793016
0.0812278
0.081665
0.0834511
0.0839325
0.0845313
0.0859744
0.0866213
0.0873785
0.0885149
0.0893282
0.0902106
0.0912865
0.0921892
0.093224
0.094446
0.0935027
0.0944506
0.0954608
0.0965685
0.0967096
0.0967044
0.0976111
0.0986199
0.0996449
0.0991936
0.100177
0.101219
0.10038
0.101375
0.102428
0.103537
0.0994341
0.100325
0.101276
0.102285
0.100144
0.097563
0.0984026
0.0993041
0.100266
0.0972326
0.0981413
0.0991109
0.0954866
0.0964495
0.097429
0.0984684
0.0942343
0.0952681
0.0963206
0.086292
0.0871446
0.0880668
0.0890964
0.0838529
0.0786329
0.0795043
0.0804928
0.0815103
0.075811
0.0768291
0.0779577
0.0717176
0.0728193
0.0739973
0.0752774
0.0615761
0.062749
0.0640076
0.0575116
0.0588598
0.0526996
0.0541038
0.0555958
0.0496715
0.0512684
0.0529466
0.0546986
0.048759
0.0506301
0.0525649
0.0469165
0.0489821
0.0510841
0.0374157
0.039722
0.0420648
0.0444053
0.0391249
0.0341203
0.0366887
0.0392085
0.0417878
0.0372578
0.039874
0.0424903
0.0449655
0.0413681
0.0439727
0.0465787
0.0434701
0.046034
0.0486037
0.0409851
0.043262
0.0456594
0.0480797
0.0457154
0.0434649
0.0455211
0.0477218
0.0455087
0.0475853
0.0496151
0.0517881
0.0493101
0.0493101
0.0513749
0.053488
0.0506439
0.0527322
0.0548658
0.0480963
0.0499255
0.0519147
0.054052
0.0513481
0.048722
0.0506011
0.0525483
0.0498661
0.0518058
0.0538137
0.055966
0.0528843
0.0549552
0.0570689
0.0540234
0.0560674
0.0582656
0.0604957
0.0516983
0.0537991
0.0558508
0.0525838
0.0546755
0.0513749
0.0534519
0.0555356
0.0520333
0.0540681
0.0563142
0.0584635
0.0548313
0.0570825
0.0592712
0.0616143
0.0515674
0.0537168
0.0559519
0.052072
0.0461578
0.0482149
0.0503223
0.0524738
0.0482256
0.0503074
0.0524355
0.0546045
0.0501834
0.0523025
0.0544632
0.0428264
0.0447922
0.0468199
0.0489018
0.0438474
0.0385903
0.0405601
0.0425976
0.0446934
0.0386143
0.0407024
0.0428465
0.0366873
0.038844
0.041052
0.0433036
0.0370453
0.039328
0.041648
0.0270171
0.0293591
0.0317413
0.0341553
0.0284869
0.0226778
0.0251877
0.0277142
0.0302532
0.024917
0.0274951
0.0300769
0.0250127
0.0276118
0.030211
0.0328103
0.0279389
0.0305341
0.03313
0.0220279
0.0245424
0.0270731
0.0296158
0.0250752
0.0206733
0.0230373
0.0254473
0.0207064
0.0230095
0.0253701
0.0277734
0.0225427
0.0248581
0.027225
0.0296309
0.017178
0.0192671
0.0214681
0.0159339
0.018032
0.012776
0.0147737
0.0169357
0.0115602
0.0136889
0.0159579
0.0102699
0.0125705
0.0149694
0.0174261
0.0120177
0.0145391
0.0170841
0.0196434
0.00710423
0.0096633
0.0122396
0.00883473
0.00789074
0.00936611
0.0112563
0.0133867
0.0122671
0.0139497
0.0158815
0.0152919
0.0168682
0.0186748
0.0206514
0.0197669
0.0214844
0.0214844
0.020852
0.021506
0.022444
0.0236322
0.0238521
0.024564
0.0251039
0.0258949
0.0269148
0.026793
0.0276324
0.0286836
0.0280898
0.0289321
0.0299769
0.031204
0.0283781
0.0286763
0.0292039
0.0299487
0.0286201
0.0278637
0.0278402
0.0280586
0.0285134
0.0269014
0.0270997
0.027543
0.0282199
0.025718
0.0261619
0.0268514
0.022207
0.0217551
0.0216087
0.021774
0.0193793
0.018414
0.0173808
0.0166921
0.0163915
0.0147971
0.013897
0.0134468
0.012263
0.01106
0.0103822
0.010014
0.00836547
0.00729401
0.00706711
0.0116023
0.00901672
0.0064427
0.0111391
0.00858224
0.0134849
0.0110571
0.00872909
0.00660716
0.0116129
0.00962158
0.00798815
0.0128857
0.0111795
0.00987122
0.00913351
0.0182959
0.0164618
0.0148581
0.0190822
0.0173212
0.0214065
0.0195161
0.0178055
0.0214296
0.0195651
0.0178852
0.021342
0.0194618
0.0177641
0.0163059
0.0188753
0.0171501
0.0156683
0.0239332
0.0216462
0.0194381
0.017339
0.0211675
0.0258273
0.0233249
0.0208465
0.0184016
0.0234787
0.0209252
0.0183847
0.0158635
0.0209368
0.0183465
0.0183465
0.0319889
0.0294035
0.0268209
0.024242
0.0294761
0.0344966
0.0319638
0.0294427
0.0269367
0.0321843
0.0297085
0.0272559
0.0323804
0.0299529
0.0275568
0.0252011
0.0303872
0.0280431
0.0257481
0.0379194
0.0355326
0.0331777
0.0308623
0.035642
0.0405715
0.0381717
0.0357999
0.0402886
0.0378856
0.0355103
0.0331687
0.0371066
0.0347249
0.0323767
0.0359477
0.0335546
0.0311947
0.028876
0.0376032
0.0351278
0.0326718
0.0302398
0.0337057
0.0372107
0.0346698
0.0321383
0.0357385
0.0331733
0.030614
0.0280622
0.0317577
0.0291743
0.0265941
0.0300857
0.0274882
0.0248912
0.0222949
0.0322489
0.0296633
0.0270803
0.024501
0.0347833
0.0322494
0.0297268
0.0272188
0.0313676
0.0288986
0.0264547
0.0302208
0.027816
0.0254495
0.0231332
0.0264333
0.0241588
0.0219567
0.0308551
0.0285543
0.0263094
0.0241359
0.0276929
0.0316029
0.0293007
0.0270526
0.030614
0.028315
0.0260726
0.0239028
0.0270438
0.0247947
0.0226209
0.0205464
0.0235455
0.0213356
0.0192236
0.0278289
0.025363
0.0229268
0.0265759
0.0240581
0.0277884
0.0277884
0.0252198
0.0293122
0.026711
0.0241036
0.0214963
0.0262381
0.0236614
0.0210946
0.0186536
0.0312781
0.0288668
0.0266553
0.0321732
0.0300154
0.0351162
0.0331551
0.0313367
0.0297226
0.0346661
0.0332137
0.0319015
0.0368446
0.0356731
0.0347299
0.0437854
0.0427649
0.041961
0.0414457
0.0448022
0.0443532
0.0471297
0.0468377
0.0466897
0.0468243
0.0492807
0.0495681
0.0500381
0.0521793
0.0527806
0.0535432
0.0555377
0.0564205
0.0574091
0.0586238
0.0600403
0.0609611
0.0619788
0.062995
0.0645106
0.0651794
0.0659922
0.0668462
0.0672831
0.0679321
0.0687105
0.0686033
0.0691703
0.0698666
0.0705256
0.0697556
0.0702719
0.0708493
0.0715198
0.067971
0.0681532
0.0685248
0.0661636
0.0637445
0.0636188
0.0635064
0.063464
0.0603469
0.060137
0.0599464
0.0560838
0.0558168
0.0555744
0.0554503
0.0464005
0.0457451
0.0451877
0.040193
0.039438
0.0344353
0.0333487
0.0324359
0.0316169
0.0260165
0.0250637
0.0250637
0.0196054
0.0182491
0.0171822
0.0164611
0.0099768
0.00892534
0.008467
0.00740695
0.00627452
0.00624666
0.0135759
0.013988
0.0211221
0.0217542
0.0227647
0.0296784
0.0306458
0.0318719
0.0333697
0.0400256
0.041396
0.042972
0.0494076
0.0509057
0.0526547
0.0544068
0.0652653
0.0669102
0.0686317
0.0703867
0.076413
0.0823219
0.0841516
0.0860058
0.091808
0.0937299
0.095667
0.101079
0.103091
0.105209
0.107251
0.112359
0.114481
0.1167
0.121298
0.123449
0.125617
0.127704
0.131311
0.134678
0.1367
0.138723
0.14161
0.143589
0.145568
0.147588
0.150395
0.152235
0.154119
0.156823
0.158622
0.160469
0.162337
0.165328
0.167078
0.168753
0.170479
0.172534
0.174434
0.175956
0.177531
0.179147
0.180627
0.182134
0.18357
0.184635
0.186066
0.187332
0.188089
0.18925
0.190565
0.191813
0.190374
0.191402
0.192395
0.191631
0.190468
0.19129
0.19205
0.19205
0.190026
0.190756
0.191423
0.192027
0.189462
0.190044
0.190566
0.183651
0.183936
0.184189
0.184545
0.180423
0.176076
0.176068
0.176224
0.176293
0.170983
0.170941
0.170843
0.170755
0.165308
0.165119
0.164971
0.164771
0.153071
0.152693
0.152327
0.145983
0.139528
0.139
0.138422
0.137892
0.13077
0.130115
0.129415
0.121878
0.121144
0.120461
0.119738
0.111667
0.110816
0.11002
0.10928
0.0931716
0.0931716
0.0921788
0.0912058
0.0761918
0.0749611
0.0737622
0.072544
0.0649738
0.063644
0.0623994
0.055194
0.0538479
0.0525467
0.0513398
0.0442566
0.0429219
0.0417061
0.0306877
0.0291146
0.0276465
0.0263538
0.0202626
0.014625
0.0132024
0.0120188
0.0113306
0.00567386
0.00630234
0.0077927
0.00738914
0.0100226
0.0125654
0.0152074
0.0187367
0.0211138
0.0236189
0.0269944
0.0294673
0.0326558
0.0351306
0.0376226
0.0405805
0.0430895
0.0456328
0.0481823
0.0484012
0.0509682
0.053539
0.0561549
0.0587296
0.061307
0.0637893
0.0663679
0.0689553
0.0715442
0.0741702
0.0768273
0.0794235
0.0820203
0.0846016
0.0872693
0.089869
0.0924541
0.0950784
0.0976797
0.100281
0.102869
0.105336
0.107938
0.110427
0.111777
0.114376
0.116974
0.118248
0.120843
0.121533
0.124102
0.126691
0.126899
0.12948
0.132041
0.134624
0.134427
0.136976
0.139551
0.142128
0.141527
0.14397
0.146537
0.141754
0.144259
0.146797
0.149338
0.147245
0.145007
0.147508
0.150012
0.147466
0.149951
0.15244
0.154933
0.151863
0.154336
0.156813
0.153486
0.155945
0.158408
0.160876
0.150622
0.153039
0.155463
0.157849
0.146949
0.14933
0.151717
0.154066
0.149313
0.151693
0.154033
0.149293
0.151668
0.15405
0.156304
0.151331
0.153711
0.156052
0.142951
0.145311
0.147679
0.150008
0.14452
0.138702
0.141022
0.143401
0.145786
0.140139
0.142484
0.144884
0.139162
0.141526
0.143853
0.146276
0.132087
0.134483
0.136927
0.139378
0.131193
0.125137
0.127617
0.130102
0.132592
0.126759
0.129271
0.131788
0.126119
0.128657
0.131198
0.133742
0.120822
0.123399
0.125977
0.128534
0.124407
0.120713
0.123314
0.1259
0.128502
0.125414
0.128009
0.130615
0.127726
0.130333
0.132933
0.135541
0.132508
0.13511
0.137616
0.128886
0.131479
0.134076
0.13667
0.133184
0.129851
0.132422
0.134994
0.131538
0.134108
0.136669
0.132694
0.135253
0.1378
0.140349
0.136093
0.138643
0.14108
0.129187
0.131705
0.134205
0.13671
0.131874
0.127001
0.12947
0.131944
0.134447
0.129097
0.131562
0.134033
0.128675
0.131134
0.1336
0.136095
0.130384
0.132847
0.135315
0.137813
0.123366
0.12582
0.128306
0.122345
0.116088
0.118544
0.121031
0.114938
0.117407
0.119905
0.122384
0.116331
0.118821
0.121338
0.123739
0.117674
0.120204
0.12272
0.1094
0.111937
0.114493
0.109132
0.111688
0.106813
0.109383
0.111954
0.107454
0.110044
0.11263
0.115217
0.110865
0.113462
0.113462
0.115959
0.105839
0.108441
0.111037
0.10732
0.109901
0.106374
0.108931
0.111491
0.107971
0.110489
0.113025
0.115453
0.111847
0.114246
0.11675
0.113254
0.115617
0.117991
0.120373
0.109612
0.111937
0.114161
0.109084
0.111286
0.105775
0.107878
0.110083
0.104075
0.106276
0.1083
0.102264
0.104397
0.106453
0.108523
0.102097
0.104202
0.106226
0.10827
0.0930368
0.0951414
0.097175
0.0907059
0.0840777
0.0840777
0.0861503
0.0800289
0.0821141
0.0842289
0.0863713
0.0805833
0.0827554
0.0849532
0.0870793
0.0814677
0.0837386
0.0859388
0.0740207
0.0764531
0.0787325
0.0811115
0.0767833
0.0730841
0.0755597
0.0781148
0.075093
0.0776629
0.0800972
0.0826962
0.0805547
0.0830767
0.085637
0.0843795
0.0869834
0.0895468
0.092112
0.0889776
0.0915473
0.094091
0.094544
0.0952289
0.0977596
0.100377
0.102994
0.103789
0.106397
0.108998
0.111599
0.112572
0.112572
0.115172
0.117772
0.117454
0.120041
0.12263
0.123901
0.125147
0.127702
0.13026
0.132819
0.133873
0.13641
0.13895
0.139896
0.142411
0.144929
0.14745
0.148163
0.150657
0.153154
0.151512
0.153938
0.156369
0.158806
0.158977
0.158872
0.161231
0.163597
0.165971
0.165541
0.167878
0.170223
0.169517
0.171826
0.174142
0.176467
0.175315
0.177603
0.179899
0.174996
0.177201
0.179416
0.181641
0.179995
0.178153
0.180294
0.182446
0.180132
0.18225
0.184381
0.186524
0.183666
0.185775
0.187897
0.1849
0.186992
0.189097
0.191214
0.182568
0.1846
0.186646
0.188706
0.179257
0.181237
0.183233
0.185243
0.180765
0.182754
0.184758
0.186777
0.182157
0.184159
0.186177
0.174442
0.176399
0.178372
0.180362
0.175335
0.170065
0.17202
0.173992
0.175981
0.170468
0.172456
0.17446
0.169416
0.171426
0.173451
0.175491
0.170592
0.172642
0.174707
0.162529
0.164592
0.16667
0.168762
0.163722
0.158516
0.160637
0.162773
0.162773
0.157892
0.160053
0.162226
0.157448
0.159647
0.161858
0.16408
0.152398
0.154646
0.156906
0.159175
0.15478
0.150318
0.15262
0.154932
0.157253
0.153152
0.15549
0.157837
0.153899
0.15626
0.158629
0.161005
0.156694
0.159083
0.161477
0.149464
0.151864
0.154271
0.156683
0.150948
0.145353
0.147766
0.150185
0.14473
0.147149
0.149573
0.152003
0.146436
0.148862
0.151294
0.146123
0.148549
0.150981
0.153419
0.141438
0.143846
0.14626
0.142012
0.137923
0.140309
0.142702
0.145102
0.140817
0.143205
0.1456
0.148001
0.143847
0.146237
0.148634
0.151037
0.14015
0.142513
0.144883
0.140705
0.136402
0.138736
0.141079
0.14343
0.138605
0.14094
0.143285
0.145637
0.140623
0.14296
0.145306
0.131762
0.134054
0.136357
0.13867
0.132993
0.135291
0.129502
0.131788
0.134085
0.127709
0.129995
0.132293
0.125956
0.128247
0.13055
0.132863
0.126714
0.129027
0.13135
0.117103
0.119415
0.121738
0.124072
0.118106
0.109299
0.111634
0.113981
0.107869
0.110273
0.112726
0.115134
0.109299
0.111808
0.114361
0.108344
0.110942
0.113448
0.116086
0.102625
0.10521
0.107795
0.102489
0.10511
0.100234
0.102891
0.105488
0.101032
0.10363
0.106169
0.108803
0.104575
0.107153
0.109732
0.105793
0.108357
0.110886
0.113493
0.102895
0.105428
0.108005
0.104536
0.107037
0.103877
0.106352
0.108918
0.105574
0.10812
0.110584
0.107461
0.107461
0.109999
0.112486
0.1095
0.111946
0.114616
0.106673
0.109295
0.111918
0.114478
0.112135
0.109712
0.112284
0.114933
0.117518
0.115178
0.117758
0.120275
0.117736
0.120257
0.122781
0.125319
0.122152
0.124543
0.127015
0.11699
0.119375
0.121777
0.124112
0.119631
0.115234
0.117574
0.119935
0.115608
0.117841
0.120164
0.122438
0.118108
0.12034
0.122587
0.118933
0.121147
0.123319
0.114889
0.117094
0.117094
0.119261
0.116715
0.11443
0.116605
0.118747
0.120771
0.118494
0.12065
0.122778
0.124835
0.122537
0.124596
0.126724
0.118607
0.120664
0.122742
0.124805
0.121677
0.11828
0.120395
0.122406
0.124439
0.120496
0.122462
0.124547
0.126534
0.1222
0.124245
0.126196
0.128251
0.115985
0.118022
0.119973
0.114673
0.109266
0.111315
0.113289
0.115386
0.109333
0.111397
0.11339
0.107357
0.109327
0.111313
0.111313
0.105263
0.107328
0.109416
0.0950106
0.0971762
0.0993636
0.101571
0.0956428
0.0895461
0.0918331
0.0941373
0.0963632
0.0905691
0.092928
0.0953004
0.0895311
0.0918437
0.0942598
0.0966864
0.0825448
0.0849092
0.0873731
0.0898456
0.084196
0.0782076
0.0807013
0.0832026
0.0857108
0.0800691
0.0824994
0.0850221
0.07945
0.0819771
0.0844251
0.0869631
0.073565
0.0760931
0.0785424
0.0810821
0.0758864
0.0704653
0.0729924
0.0754411
0.0779804
0.0727499
0.0752845
0.0777405
0.0725198
0.0750551
0.0775959
0.0800031
0.0671805
0.0697029
0.072232
0.0747673
0.0696497
0.0641566
0.0666723
0.0691954
0.0716405
0.0660323
0.0685568
0.071088
0.0650983
0.0676254
0.0701591
0.0726988
0.0663146
0.0688521
0.0713953
0.0567611
0.0592941
0.0617501
0.0642969
0.0576362
0.0509056
0.0533824
0.0559472
0.049447
0.0520271
0.0545315
0.0571186
0.0509301
0.0535314
0.0561342
0.0506286
0.0532418
0.0558553
0.0584692
0.0459335
0.0485441
0.0511554
0.0468605
0.042943
0.045483
0.0480314
0.0443734
0.0468459
0.0492899
0.0517888
0.0461905
0.0485747
0.0509461
0.0533339
0.0505879
0.0530271
0.0553889
0.0578631
0.0522301
0.0544356
0.0565763
0.0565068
0.0575973
0.0595354
0.0615447
0.0634814
0.0652519
0.067143
0.0692004
0.0714427
0.0733433
0.075348
0.0774817
0.0802022
0.0822241
0.0842792
0.0896202
0.0913942
0.093256
0.0951509
0.0993897
0.103718
0.105519
0.10733
0.111709
0.113588
0.115554
0.117487
0.121824
0.123814
0.125826
0.129875
0.131903
0.134012
0.136138
0.139272
0.14128
0.143314
0.146501
0.149402
0.151408
0.153498
0.155603
0.158283
0.160327
0.162451
0.165017
0.167081
0.169223
0.171378
0.173873
0.175969
0.178139
0.180712
0.182727
0.184895
0.187129
0.189306
0.191418
0.193608
0.195809
0.19796
0.200126
0.202352
0.204586
0.206772
0.208987
0.211246
0.213457
0.215515
0.217792
0.220077
0.22223
0.224192
0.225843
0.228088
0.230394
0.231696
0.234004
0.236265
0.238586
0.239466
0.241734
0.244061
0.246393
0.246836
0.249115
0.251451
0.249446
0.251631
0.253959
0.253531
0.255857
0.254885
0.25721
0.259541
0.257994
0.260271
0.262605
0.264945
0.262839
0.265177
0.267521
0.265357
0.26765
0.269999
0.272352
0.266273
0.268634
0.270999
0.269526
0.267946
0.270327
0.272713
0.275056
0.273365
0.275762
0.278164
0.276592
0.279
0.281412
0.283782
0.28243
0.284852
0.287277
0.289572
0.284546
0.286979
0.289371
0.287983
0.286281
0.288722
0.291124
0.289477
0.291925
0.294335
0.294335
0.292814
0.29523
0.297648
0.30003
0.294042
0.296391
0.298744
0.301102
0.298602
0.295338
0.297635
0.299901
0.302172
0.29851
0.300761
0.302925
0.299019
0.301166
0.303287
0.29882
0.300932
0.302958
0.305055
0.293488
0.295531
0.297526
0.299558
0.294436
0.289537
0.291508
0.293442
0.295312
0.290287
0.292156
0.294036
0.288639
0.29045
0.292273
0.294091
0.281631
0.283428
0.285226
0.279728
0.281579
0.27471
0.276494
0.278292
0.273219
0.275069
0.276931
0.278805
0.273429
0.275352
0.277288
0.279235
0.266291
0.268304
0.270333
0.26449
0.266564
0.260992
0.263008
0.265132
0.259567
0.26173
0.263884
0.266062
0.260171
0.262385
0.264585
0.258808
0.261059
0.263316
0.265557
0.251294
0.253598
0.255909
0.250058
0.244154
0.246505
0.248862
0.251224
0.244998
0.247379
0.249765
0.243723
0.246091
0.248497
0.250908
0.244807
0.247231
0.249623
0.234693
0.237137
0.239584
0.241996
0.23593
0.229599
0.232064
0.234492
0.236963
0.230909
0.233386
0.235824
0.229799
0.232282
0.234769
0.237259
0.23096
0.233452
0.235946
0.221547
0.223995
0.226489
0.228896
0.222771
0.216999
0.21949
0.221984
0.216426
0.218915
0.221364
0.223858
0.218298
0.220786
0.223233
0.218069
0.220552
0.223039
0.210717
0.213179
0.215643
0.218112
0.214138
0.210865
0.213305
0.215748
0.218196
0.215099
0.217532
0.219968
0.222409
0.219564
0.221991
0.224421
0.219118
0.221529
0.223944
0.215272
0.21758
0.2198
0.222154
0.219019
0.215704
0.217827
0.21999
0.222068
0.218792
0.220857
0.222869
0.224894
0.221331
0.223251
0.225215
0.21487
0.216597
0.218466
0.220131
0.215068
0.209354
0.210927
0.212551
0.214163
0.208319
0.209776
0.211349
0.205243
0.206634
0.208083
0.209427
0.203144
0.204503
0.205736
0.207088
0.194362
0.1955
0.196704
0.191283
0.186265
0.187349
0.187349
0.182425
0.183562
0.184728
0.179704
0.180924
0.182174
0.183452
0.17862
0.179953
0.181314
0.182702
0.171133
0.172577
0.174048
0.175545
0.163845
0.165396
0.166973
0.168575
0.163347
0.164999
0.166675
0.168374
0.163197
0.164942
0.16671
0.15305
0.154856
0.156685
0.158535
0.152096
0.145627
0.147524
0.149443
0.151382
0.144741
0.14671
0.148698
0.142377
0.144391
0.146424
0.148475
0.142224
0.144295
0.146383
0.131764
0.133842
0.135937
0.13805
0.132017
0.125843
0.127947
0.130069
0.132208
0.126366
0.128506
0.130662
0.124973
0.127125
0.129293
0.131477
0.125769
0.127941
0.130129
0.118453
0.120572
0.12271
0.124866
0.120561
0.116706
0.118799
0.120913
0.117234
0.119323
0.121432
0.12356
0.120051
0.122151
0.12427
0.121278
0.123368
0.125478
0.127606
0.11994
0.121968
0.124017
0.126087
0.119006
0.120972
0.122962
0.124974
0.122289
0.124273
0.126279
0.128306
0.125732
0.127739
0.129767
0.122228
0.124178
0.124178
0.126151
0.122873
0.119059
0.120975
0.122916
0.124881
0.120181
0.122128
0.124099
0.119134
0.121092
0.123074
0.125078
0.119858
0.121857
0.123878
0.11066
0.112636
0.114637
0.116662
0.111175
0.105559
0.107584
0.109634
0.111706
0.106298
0.108388
0.1105
0.105044
0.107176
0.109328
0.111499
0.10578
0.107972
0.110181
0.1047
0.0993034
0.101537
0.103788
0.0982551
0.0928463
0.0951218
0.0974135
0.0917347
0.0940455
0.0963711
0.0987103
0.092417
0.0947728
0.0971409
0.0907139
0.0930964
0.0954902
0.0978945
0.0817052
0.0841072
0.0865206
0.0797959
0.0822164
0.075442
0.077865
0.0802991
0.0733289
0.0757583
0.0781985
0.0717572
0.0741882
0.0766303
0.0790825
0.0728918
0.0753311
0.0777808
0.0636597
0.0660384
0.0684331
0.0708423
0.0654699
0.0605064
0.0628186
0.0651525
0.0609175
0.0631975
0.0655014
0.0678267
0.0638812
0.0661537
0.0684494
0.0645995
0.0668369
0.0690996
0.0713854
0.0623535
0.0644641
0.0666094
0.0632613
0.0653399
0.0622193
0.0642343
0.06629
0.0631135
0.0631135
0.0651117
0.0671511
0.0638574
0.0658457
0.0678754
0.0699429
0.0611001
0.0630038
0.0649557
0.0606476
0.0625527
0.0579836
0.0598453
0.0617603
0.0568804
0.0587633
0.0606992
0.0626831
0.0571205
0.0590833
0.0610938
0.0553506
0.0573542
0.0594041
0.0614955
0.0474583
0.0494779
0.0515496
0.0459766
0.0408233
0.0429153
0.0450602
0.0472509
0.0423395
0.04458
0.0468576
0.042516
0.0448451
0.0472025
0.0495842
0.0454797
0.0479048
0.0503474
0.0528049
0.0419724
0.0444745
0.0469872
0.0427248
0.0381158
0.0406739
0.043237
0.0458043
0.0414394
0.0440211
0.0466048
0.0422646
0.0448569
0.0474501
0.0500439
0.0378637
0.0404633
0.0430629
0.0456625
0.040323
0.0343998
0.0369995
0.0395993
0.0421991
0.0364711
0.0390709
0.0416707
0.035934
0.038534
0.041134
0.043734
0.0378567
0.0404562
0.0430559
0.030507
0.0330909
0.0356771
0.0382651
0.0339805
0.0305445
0.0330807
0.0356261
0.0326121
0.0351229
0.0376458
0.0401786
0.0372162
0.0397139
0.0422239
0.0395223
0.0419954
0.044483
0.0469828
0.0387637
0.0411274
0.0435181
0.0381905
0.0353153
0.0374479
0.0396364
0.0418719
0.0385651
0.0406892
0.0428657
0.0397669
0.0418359
0.0439614
0.0461355
0.0428294
0.0449085
0.0470394
0.0380792
0.0398217
0.0416537
0.043564
0.0397039
0.0359541
0.0374361
0.0390351
0.0407375
0.0368727
0.0384188
0.040074
0.0362167
0.0377247
0.0393468
0.0410697
0.0365904
0.038192
0.039899
0.0298994
0.03118
0.0326179
0.0341934
0.0297371
0.025652
0.0269866
0.0284964
0.0240802
0.0255726
0.0272321
0.0290299
0.0238152
0.0256224
0.0275566
0.0220909
0.0240603
0.0261401
0.0283061
0.0140955
0.0161596
0.0183604
0.0121913
0.0060814
0.00833655
0.0107486
0.0132321
0.00719125
0.00977257
0.0123617
0.0149546
0.00989267
0.0124807
0.0150729
0.0105217
0.0130492
0.0156004
0.0181656
0.00677447
0.00870075
0.0109102
0.0069344
0.00599274
0.00576491
0.00663893
0.00827264
0.00534327
0.00614814
0.0077826
0.00447544
0.00526218
0.00699082
0.0091418
0.00395053
0.00586426
0.00816654
0.00527106
0.00267107
7.1404e-05
0.00252895
0.00323223
0.00846657
0.00625097
0.00447062
0.00932604
0.00745149
0.00613143
0.00613143
0.0107402
0.00913356
0.00806304
0.00775392
0.0170725
0.0152425
0.0136645
0.0184723
0.0167514
0.0215125
0.0196934
0.0180663
0.0228161
0.0210548
0.0194821
0.0181472
0.0227766
0.0211938
0.0198267
0.0187228
0.0299196
0.0279768
0.0261486
0.0318629
0.0298626
0.0355971
0.033479
0.0314332
0.03699
0.0348347
0.032744
0.0307312
0.0359862
0.0338385
0.0317585
0.0364129
0.0342079
0.0320621
0.0299883
0.040993
0.0386077
0.036252
0.0402924
0.0443383
0.0418469
0.0393695
0.036909
0.0410695
0.038559
0.0360612
0.033579
0.037362
0.0348312
0.0323113
0.0423297
0.0397394
0.0371505
0.0345632
0.0381543
0.0417901
0.0391911
0.0365922
0.0339936
0.0379234
0.0353348
0.0327481
0.0366176
0.0340497
0.0314872
0.0289312
0.0329061
0.0303787
0.0278647
0.0379216
0.0354251
0.0329446
0.0304841
0.0338115
0.0371122
0.0346535
0.0322171
0.0298082
0.0327732
0.0303645
0.02799
0.0308268
0.0284411
0.0260964
0.0238048
0.0265715
0.0242448
0.0219795
0.0293551
0.0269085
0.0244935
0.0221206
0.0248065
0.0277169
0.0251956
0.0226921
0.0283627
0.0257996
0.0232447
0.0267659
0.0241583
0.0215508
0.0189433
0.0225024
0.0199241
0.0174522
0.0149217
0.025319
0.0230743
0.0209372
0.0188193
0.0286136
0.026797
0.0250666
0.023637
0.0276868
0.026497
0.0254452
0.0291346
0.0285215
0.0279893
0.027871
0.0310203
0.0310544
0.0313984
0.0319838
0.0370272
0.0374306
0.038009
0.0405225
0.0429857
0.0435829
0.044418
0.0465898
0.0474522
0.0485315
0.0498447
0.0516095
0.0529151
0.0542903
0.055868
0.0562165
0.057448
0.0587964
0.06032
0.0616065
0.0627884
0.0642879
0.0658591
0.0675204
0.0683784
0.0701173
0.0719088
0.0725179
0.0742519
0.0761803
0.0781473
0.0784046
0.0803135
0.0823801
0.0844999
0.0825647
0.0845182
0.0865349
0.086287
0.0858838
0.0878899
0.089928
0.0893489
0.0913702
0.0935498
0.0956965
0.0947617
0.0968577
0.0991054
0.0979942
0.100145
0.102443
0.104757
0.0998789
0.102114
0.104365
0.106678
0.101359
0.10361
0.105877
0.105877
0.100759
0.0997594
0.0987646
0.0932505
0.0922948
0.0913507
0.0904733
0.0845065
0.0836269
0.0828216
0.0710297
0.070129
0.0692639
0.0684888
0.0619548
0.0551609
0.0543922
0.0537414
0.0537414
0.0478168
0.0478168
0.0478168
0.0478168
0.0416969
0.0416969
0.0416969
0.0290927
0.0290927
0.0290927
0.0290927
0.0240606
0.0203739
0.0203739
0.0203739
0.0203739
0.0187672
0.0187672
0.0187672
0.0190907
0.0190907
0.0190907
0.0190907
0.0230799
0.0230799
0.0230799
0.0230799
0.0258636
0.0290178
0.0290178
0.0290178
0.0322189
0.0322189
0.0322189
0.0322189
0.0355933
0.0355933
0.0355933
0.0391973
0.0391973
0.0391973
0.0391973
0.04507
0.04507
0.04507
0.0473336
0.0473336
0.0494065
0.0494065
0.0494065
0.0516496
0.0516496
0.0516496
0.0516496
0.0540753
0.0540753
0.0540753
0.0540753
0.0579899
0.0579899
0.0579899
0.0593845
0.0593845
0.0606122
0.0606122
0.0606122
0.0619765
0.0619765
0.0619765
0.0619765
0.0635424
0.0635424
0.0635424
0.0651844
0.0651844
0.0651844
0.0651844
0.0687058
0.0687058
0.0687058
0.0704194
0.0719409
0.0719409
0.0719409
0.0719409
0.0729098
0.0729098
0.0729098
0.073205
0.073205
0.073205
0.073205
0.0722938
0.0722938
0.0722938
0.0722938
0.0713038
0.0699807
0.0699807
0.0699807
0.0699807
0.0681881
0.0681881
0.0681881
0.0681881
0.0659299
0.0659299
0.0659299
0.0630502
0.0630502
0.0630502
0.0630502
0.0563681
0.0563681
0.0563681
0.0563681
0.0496841
0.0496841
0.0496841
0.0496841
0.0464764
0.0464764
0.0464764
0.0433453
0.0433453
0.0433453
0.0433453
0.0376473
0.0376473
0.0376473
0.0352857
0.0352857
0.0327516
0.0327516
0.0327516
0.0327516
0.0303989
0.0303989
0.0303989
0.028301
0.028301
0.028301
0.028301
0.0247124
0.0247124
0.0247124
0.0247124
0.0230962
0.0215185
0.0215185
0.0215185
0.0215185
0.0201131
0.0201131
0.0201131
0.0187868
0.0187868
0.0187868
0.0187868
0.0162899
0.0162899
0.0162899
0.0162899
0.0151631
0.0139945
0.0139945
0.0139945
0.01284
0.01284
0.01284
0.01284
0.0116953
0.0116953
0.0116953
0.0116953
0.0105826
0.0105826
0.0105826
0.0105826
0.00837628
0.00837628
0.00837628
0.00726971
0.0061781
0.0061781
0.0061781
0.00514575
0.00514575
0.00514575
0.00514575
0.00417977
0.00417977
0.00417977
0.00357372
0.00357372
0.00357372
0.00357372
0.00324913
0.00324913
0.00324913
0.00318478
0.00314191
0.00314191
0.00314191
0.00314191
0.00312059
0.00312059
0.00312059
0.00312059
0.00312257
0.00312257
0.00312257
0.00313421
0.00313421
0.00313421
0.00313421
0.00310427
0.00306757
0.00306757
0.00306757
0.00306757
0.00302474
0.00302474
0.00302474
0.00296407
0.00296407
0.00296407
0.00296407
0.00289067
0.00289067
0.00289067
0.00289067
0.00231623
