1.0000
1.0026
1.0052
1.0078
1.0104
1.0130
1.0156
1.0182
1.0208
1.0234
1.0260
1.0286
1.0312
1.0338
1.0364
1.0390
1.0416
1.0442
1.0468
1.0494
1.0520
1.0546
1.0572
1.0598
1.0624
1.0650
1.0676
1.0702
1.0728
1.0754
1.0780
1.0806
1.0832
1.0858
1.0884
1.0910
1.0936
1.0962
1.0988
1.1014
1.1040
1.1066
1.1092
1.1118
1.1144
1.1170
1.1196
1.1222
1.1248
1.1274
1.1300
1.1326
1.1352
1.1378
1.1404
1.1430
1.1456
1.1482
1.1508
1.1534
1.1560
1.1586
1.1612
1.1638
1.1664
1.1690
1.1716
1.1742
1.1768
1.1794
1.1820
1.1846
1.1872
1.1898
1.1924
1.1950
1.1976
1.2002
1.2028
1.2054
1.2080
1.2106
1.2132
1.2158
1.2184
1.2210
1.2236
1.2262
1.2288
1.2314
1.2340
1.2366
1.2392
1.2418
1.2444
1.2470
1.2496
1.2522
1.2548
1.2574
1.2600
1.2600
1.2626
1.2652
1.2678
1.2704
1.2730
1.2756
1.2782
1.2808
1.2834
1.2860
1.2886
1.2912
1.2938
1.2964
1.2990
1.3016
1.3042
1.3068
1.3094
1.3120
1.3146
1.3172
1.3198
1.3224
1.3250
1.3276
1.3302
1.3328
1.3354
1.3380
1.3406
1.3432
1.3458
1.3484
1.3510
1.3536
1.3562
1.3588
1.3614
1.3640
1.3666
1.3692
1.3718
1.3744
1.3770
1.3796
1.3822
1.3848
1.3874
1.3900
1.3926
1.3952
1.3978
1.4004
1.4030
1.4056
1.4082
1.4108
1.4134
1.4160
1.4186
1.4212
1.4238
1.4264
1.4290
1.4316
1.4342
1.4368
1.4394
1.4420
1.4446
1.4472
1.4498
1.4524
1.4550
1.4576
1.4602
1.4628
1.4654
1.4680
1.4706
1.4732
1.4758
1.4784
1.4810
1.4836
1.4862
1.4888
1.4914
1.4940
1.4966
1.4992
1.5018
1.5044
1.5070
1.5096
1.5122
1.5148
1.5174
1.5200
1.5200
1.5226
1.5252
1.5278
1.5304
1.5330
1.5356
1.5382
1.5408
1.5434
1.5460
1.5486
1.5512
1.5538
1.5564
1.5590
1.5616
1.5642
1.5668
1.5694
1.5720
1.5746
1.5772
1.5798
1.5824
1.5850
1.5876
1.5902
1.5928
1.5954
1.5980
1.6006
1.6032
1.6058
1.6084
1.6110
1.6136
1.6162
1.6188
1.6214
1.6240
1.6266
1.6292
1.6318
1.6344
1.6370
1.6396
1.6422
1.6448
1.6474
1.6500
1.6526
1.6552
1.6578
1.6604
1.6630
1.6656
1.6682
1.6708
1.6734
1.6760
1.6786
1.6812
1.6838
1.6864
1.6890
1.6916
1.6942
1.6968
1.6994
1.7020
1.7046
1.7072
1.7098
1.7124
1.7150
1.7176
1.7202
1.7228
1.7254
1.7280
1.7306
1.7332
1.7358
1.7384
1.7410
1.7436
1.7462
1.7488
1.7514
1.7540
1.7566
1.7592
1.7618
1.7644
1.7670
1.7696
1.7722
1.7748
1.7774
1.7800
1.7800
1.7826
1.7852
1.7878
1.7904
1.7930
1.7956
1.7982
1.8008
1.8034
1.8060
1.8086
1.8112
1.8138
1.8164
1.8190
1.8216
1.8242
1.8268
1.8294
1.8320
1.8346
1.8372
1.8398
1.8424
1.8450
1.8476
1.8502
1.8528
1.8554
1.8580
1.8606
1.8632
1.8658
1.8684
1.8710
1.8736
1.8762
1.8788
1.8814
1.8840
1.8866
1.8892
1.8918
1.8944
1.8970
1.8996
1.9022
1.9048
1.9074
1.9100
1.9126
1.9152
1.9178
1.9204
1.9230
1.9256
1.9282
1.9308
1.9334
1.9360
1.9386
1.9412
1.9438
1.9464
1.9490
1.9516
1.9542
1.9568
1.9594
1.9620
1.9646
1.9672
1.9698
1.9724
1.9750
1.9776
1.9802
1.9828
1.9854
1.9880
1.9906
1.9932
1.9958
1.9984
2.0010
2.0036
2.0062
2.0088
2.0114
2.0140
2.0166
2.0192
2.0218
2.0244
2.0270
2.0296
2.0322
2.0348
2.0374
2.0400
2.0400
2.0426
2.0452
2.0478
2.0504
2.0530
2.0556
2.0582
2.0608
2.0634
2.0660
2.0686
2.0712
2.0738
2.0764
2.0790
2.0816
2.0842
2.0868
2.0894
2.0920
2.0946
2.0972
2.0998
2.1024
2.1050
2.1076
2.1102
2.1128
2.1154
2.1180
2.1206
2.1232
2.1258
2.1284
2.1310
2.1336
2.1362
2.1388
2.1414
2.1440
2.1466
2.1492
2.1518
2.1544
2.1570
2.1596
2.1622
2.1648
2.1674
2.1700
2.1726
2.1752
2.1778
2.1804
2.1830
2.1856
2.1882
2.1908
2.1934
2.1960
2.1986
2.2012
2.2038
2.2064
2.2090
2.2116
2.2142
2.2168
2.2194
2.2220
2.2246
2.2272
2.2298
2.2324
2.2350
2.2376
2.2402
2.2428
2.2454
2.2480
2.2506
2.2532
2.2558
2.2584
2.2610
2.2636
2.2662
2.2688
2.2714
2.2740
2.2766
2.2792
2.2818
2.2844
2.2870
2.2896
2.2922
2.2948
2.2974
2.3000
2.3000
2.3026
2.3052
2.3078
2.3104
2.3130
2.3156
2.3182
2.3208
2.3234
2.3260
2.3286
2.3312
2.3338
2.3364
2.3390
2.3416
2.3442
2.3468
2.3494
2.3520
2.3546
2.3572
2.3598
2.3624
2.3650
2.3676
2.3702
2.3728
2.3754
2.3780
2.3806
2.3832
2.3858
2.3884
2.3910
2.3936
2.3962
2.3988
2.4014
2.4040
2.4066
2.4092
2.4118
2.4144
2.4170
2.4196
2.4222
2.4248
2.4274
2.4300
2.4326
2.4352
2.4378
2.4404
2.4430
2.4456
2.4482
2.4508
2.4534
2.4560
2.4586
2.4612
2.4638
2.4664
2.4690
2.4716
2.4742
2.4768
2.4794
2.4820
2.4846
2.4872
2.4898
2.4924
2.4950
2.4976
2.5002
2.5028
2.5054
2.5080
2.5106
2.5132
2.5158
2.5184
2.5210
2.5236
2.5262
2.5288
2.5314
2.5340
2.5366
2.5392
2.5418
2.5444
2.5470
2.5496
2.5522
2.5548
2.5574
2.5600
2.5600
2.5626
2.5652
2.5678
2.5704
2.5730
2.5756
2.5782
2.5807
2.5833
2.5859
2.5884
2.5910
2.5935
2.5960
2.5985
2.6010
2.6035
2.6060
2.6085
2.6109
2.6133
2.6157
2.6181
2.6205
2.6228
2.6251
2.6274
2.6297
2.6320
2.6342
2.6364
2.6386
2.6407
2.6429
2.6450
2.6470
2.6491
2.6511
2.6531
2.6550
2.6569
2.6588
2.6606
2.6625
2.6625
2.6642
2.6660
2.6679
2.6698
2.6717
2.6736
2.6756
2.6776
2.6797
2.6817
2.6838
2.6859
2.6881
2.6903
2.6925
2.6947
2.6970
2.6993
2.7016
2.7039
2.7062
2.7086
2.7110
2.7134
2.7158
2.7182
2.7207
2.7232
2.7257
2.7281
2.7307
2.7332
2.7357
2.7383
2.7408
2.7434
2.7460
2.7485
2.7511
2.7537
2.7563
2.7589
2.7615
2.7641
2.7641
2.7667
2.7693
2.7719
2.7745
2.7771
2.7797
2.7823
2.7848
2.7874
2.7900
2.7925
2.7951
2.7976
2.8001
2.8026
2.8051
2.8076
2.8101
2.8126
2.8150
2.8174
2.8198
2.8222
2.8246
2.8269
2.8292
2.8315
2.8338
2.8361
2.8383
2.8405
2.8427
2.8448
2.8470
2.8491
2.8511
2.8532
2.8552
2.8572
2.8591
2.8610
2.8629
2.8647
2.8666
2.8666
2.8683
2.8701
2.8720
2.8739
2.8758
2.8777
2.8797
2.8817
2.8838
2.8858
2.8879
2.8900
2.8922
2.8944
2.8966
2.8988
2.9011
2.9033
2.9056
2.9080
2.9103
2.9127
2.9151
2.9175
2.9199
2.9223
2.9248
2.9273
2.9297
2.9322
2.9348
2.9373
2.9398
2.9424
2.9449
2.9475
2.9501
2.9526
2.9552
2.9578
2.9604
2.9630
2.9656
2.9682
2.9682
2.9708
2.9734
2.9760
2.9786
2.9812
2.9838
2.9864
2.9890
2.9916
2.9942
2.9968
2.9994
3.0020
3.0046
3.0072
3.0098
3.0124
3.0150
3.0176
3.0202
3.0228
3.0254
3.0280
3.0306
3.0332
3.0358
3.0384
3.0410
3.0436
3.0462
3.0488
3.0514
3.0540
3.0566
3.0592
3.0618
3.0644
3.0670
3.0696
3.0722
3.0748
3.0774
3.0800
3.0826
3.0852
3.0878
3.0904
3.0930
3.0956
3.0982
3.1008
3.1034
3.1060
3.1086
3.1112
3.1138
3.1164
3.1190
3.1216
3.1242
3.1268
3.1294
3.1320
3.1346
3.1372
3.1398
3.1424
3.1450
3.1476
3.1502
3.1528
3.1554
3.1580
3.1606
3.1632
3.1658
3.1684
3.1710
3.1736
3.1762
3.1788
3.1814
3.1840
3.1866
3.1892
3.1918
3.1944
3.1970
3.1996
3.2022
3.2048
3.2074
3.2100
3.2126
3.2152
3.2178
3.2204
3.2230
3.2256
3.2282
3.2282
3.2308
3.2334
3.2360
3.2386
3.2412
3.2438
3.2463
3.2489
3.2515
3.2541
3.2566
3.2592
3.2617
3.2642
3.2667
3.2692
3.2717
3.2742
3.2766
3.2791
3.2815
3.2839
3.2863
3.2887
3.2910
3.2933
3.2956
3.2979
3.3002
3.3024
3.3046
3.3068
3.3089
3.3111
3.3132
3.3152
3.3173
3.3193
3.3213
3.3232
3.3251
3.3270
3.3288
3.3306
3.3306
3.3324
3.3342
3.3361
3.3380
3.3399
3.3418
3.3438
3.3458
3.3478
3.3499
3.3520
3.3541
3.3563
3.3585
3.3607
3.3629
3.3652
3.3674
3.3697
3.3721
3.3744
3.3768
3.3792
3.3816
3.3840
3.3864
3.3889
3.3914
3.3938
3.3963
3.3989
3.4014
3.4039
3.4065
3.4090
3.4116
3.4141
3.4167
3.4193
3.4219
3.4245
3.4271
3.4297
3.4323
3.4323
3.4349
3.4375
3.4401
3.4427
3.4453
3.4479
3.4505
3.4531
3.4557
3.4583
3.4609
3.4635
3.4661
3.4687
3.4713
3.4739
3.4765
3.4791
3.4817
3.4843
3.4869
3.4895
3.4921
3.4947
3.4973
3.4999
3.5025
3.5051
3.5077
3.5103
3.5129
3.5155
3.5181
3.5207
3.5233
3.5259
3.5285
3.5311
3.5337
3.5363
3.5389
3.5415
3.5441
3.5467
3.5493
3.5519
3.5545
3.5571
3.5597
3.5623
3.5649
3.5675
3.5701
3.5727
3.5753
3.5779
3.5805
3.5831
3.5857
3.5883
3.5909
3.5935
3.5961
3.5987
3.6013
3.6039
3.6065
3.6091
3.6117
3.6143
3.6169
3.6195
3.6221
3.6247
3.6273
3.6299
3.6325
3.6351
3.6377
3.6403
3.6429
3.6455
3.6481
3.6507
3.6533
3.6559
3.6585
3.6611
3.6637
3.6663
3.6689
3.6715
3.6741
3.6767
3.6793
3.6819
3.6845
3.6871
3.6897
3.6923
3.6923
3.6949
3.6975
3.7001
3.7027
3.7053
3.7079
3.7104
3.7130
3.7156
3.7182
3.7207
3.7233
3.7258
3.7283
3.7308
3.7333
3.7358
3.7383
3.7407
3.7432
3.7456
3.7480
3.7504
3.7528
3.7551
3.7574
3.7597
3.7620
3.7643
3.7665
3.7687
3.7709
3.7730
3.7752
3.7773
3.7793
3.7814
3.7834
3.7853
3.7873
3.7892
3.7911
3.7929
3.7947
3.7947
3.7965
3.7983
3.8002
3.8021
3.8040
3.8059
3.8079
3.8099
3.8119
3.8140
3.8161
3.8182
3.8204
3.8226
3.8248
3.8270
3.8293
3.8315
3.8338
3.8362
3.8385
3.8409
3.8433
3.8457
3.8481
3.8505
3.8530
3.8554
3.8579
3.8604
3.8629
3.8655
3.8680
3.8706
3.8731
3.8757
3.8782
3.8808
3.8834
3.8860
3.8886
3.8912
3.8938
3.8964
3.8964
3.8990
3.9016
3.9042
3.9068
3.9094
3.9120
3.9146
3.9172
3.9198
3.9224
3.9250
3.9276
3.9302
3.9328
3.9354
3.9380
3.9406
3.9432
3.9458
3.9484
3.9510
3.9536
3.9562
3.9588
3.9614
3.9640
3.9666
3.9692
3.9718
3.9744
3.9770
3.9796
3.9822
3.9848
3.9874
3.9900
3.9926
3.9952
3.9978
4.0004
4.0030
4.0056
4.0082
4.0108
4.0134
4.0160
4.0186
4.0212
4.0238
4.0264
4.0290
4.0316
4.0342
4.0368
4.0394
4.0420
4.0446
4.0472
4.0498
4.0524
4.0550
4.0576
4.0602
4.0628
4.0654
4.0680
4.0706
4.0732
4.0758
4.0784
4.0810
4.0836
4.0862
4.0888
4.0914
4.0940
4.0966
4.0992
4.1018
4.1044
4.1070
4.1096
4.1122
4.1148
4.1174
4.1200
4.1226
4.1252
4.1278
4.1304
4.1330
4.1356
4.1382
4.1408
4.1434
4.1460
4.1486
4.1512
4.1538
4.1564
4.1564
4.1590
4.1616
4.1642
4.1668
4.1694
4.1720
4.1746
4.1772
4.1798
4.1824
4.1850
4.1876
4.1902
4.1928
4.1954
4.1980
4.2006
4.2032
4.2058
4.2084
4.2110
4.2136
4.2162
4.2188
4.2214
4.2240
4.2266
4.2292
4.2318
4.2344
4.2370
4.2396
4.2422
4.2448
4.2474
4.2500
4.2526
4.2552
4.2578
4.2604
4.2630
4.2656
4.2682
4.2708
4.2734
4.2760
4.2786
4.2812
4.2838
4.2864
4.2890
4.2916
4.2942
4.2968
4.2994
4.3020
4.3046
4.3072
4.3098
4.3124
4.3150
4.3176
4.3202
4.3228
4.3254
4.3280
4.3306
4.3332
4.3358
4.3384
4.3410
4.3436
4.3462
4.3488
4.3514
4.3540
4.3566
4.3592
4.3618
4.3644
4.3670
4.3696
4.3722
4.3748
4.3774
4.3800
4.3826
4.3852
4.3878
4.3904
4.3930
4.3956
4.3982
4.4008
4.4034
4.4060
4.4086
4.4112
4.4138
4.4164
4.4164
4.4190
4.4216
4.4242
4.4268
4.4294
4.4320
4.4346
4.4372
4.4398
4.4424
4.4450
4.4476
4.4502
4.4528
4.4554
4.4580
4.4606
4.4632
4.4658
4.4684
4.4710
4.4736
4.4762
4.4788
4.4814
4.4840
4.4866
4.4892
4.4918
4.4944
4.4970
4.4996
4.5022
4.5048
4.5074
4.5100
4.5126
4.5152
4.5178
4.5204
4.5230
4.5256
4.5282
4.5308
4.5334
4.5360
4.5386
4.5412
4.5438
4.5464
4.5490
4.5516
4.5542
4.5568
4.5594
4.5620
4.5646
4.5672
4.5698
4.5724
4.5750
4.5776
4.5802
4.5828
4.5854
4.5880
4.5906
4.5932
4.5958
4.5984
4.6010
4.6036
4.6062
4.6088
4.6114
4.6140
4.6166
4.6192
4.6218
4.6244
4.6270
4.6296
4.6322
4.6348
4.6374
4.6400
4.6426
4.6452
4.6478
4.6504
4.6530
4.6556
4.6582
4.6608
4.6634
4.6660
4.6686
4.6712
4.6738
4.6764
4.6764
4.6790
4.6816
4.6842
4.6868
4.6894
4.6920
4.6946
4.6972
4.6998
4.7024
4.7050
4.7076
4.7102
4.7128
4.7154
4.7180
4.7206
4.7232
4.7258
4.7284
4.7310
4.7336
4.7362
4.7388
4.7414
4.7440
4.7466
4.7492
4.7518
4.7544
4.7570
4.7596
4.7622
4.7648
4.7674
4.7700
4.7726
4.7752
4.7778
4.7804
4.7830
4.7856
4.7882
4.7908
4.7934
4.7960
4.7986
4.8012
4.8038
4.8064
4.8090
4.8116
4.8142
4.8168
4.8194
4.8220
4.8246
4.8272
4.8298
4.8324
4.8350
4.8376
4.8402
4.8428
4.8454
4.8480
4.8506
4.8532
4.8558
4.8584
4.8610
4.8636
4.8662
4.8688
4.8714
4.8740
4.8766
4.8792
4.8818
4.8844
4.8870
4.8896
4.8922
4.8948
4.8974
4.9000
4.9026
4.9052
4.9078
4.9104
4.9130
4.9156
4.9182
4.9208
4.9234
4.9260
4.9286
4.9312
4.9338
4.9364
4.9364
4.9390
4.9416
4.9442
4.9468
4.9494
4.9520
4.9546
4.9572
4.9598
4.9624
4.9650
4.9676
4.9702
4.9728
4.9754
4.9780
4.9806
4.9832
4.9858
4.9884
4.9910
4.9936
4.9962
4.9988
5.0014
5.0040
5.0066
5.0092
5.0118
5.0144
5.0170
5.0196
5.0222
5.0248
5.0274
5.0300
5.0326
5.0352
5.0378
5.0404
5.0430
5.0456
5.0482
5.0508
5.0534
5.0560
5.0586
5.0612
5.0638
5.0664
5.0690
5.0716
5.0742
5.0768
5.0794
5.0820
5.0846
5.0872
5.0898
5.0924
5.0950
5.0976
5.1002
5.1028
5.1054
5.1080
5.1106
5.1132
5.1158
5.1184
5.1210
5.1236
5.1262
5.1288
5.1314
5.1340
5.1366
5.1392
5.1418
5.1444
5.1470
5.1496
5.1522
5.1548
5.1574
5.1600
5.1626
5.1652
5.1678
5.1704
5.1730
5.1756
5.1782
5.1808
5.1834
5.1860
5.1886
5.1912
5.1938
5.1964
5.1964
5.1990
5.2016
5.2042
5.2068
5.2094
5.2120
5.2145
5.2171
5.2197
5.2223
5.2248
5.2274
5.2299
5.2324
5.2349
5.2374
5.2399
5.2424
5.2448
5.2473
5.2497
5.2521
5.2545
5.2569
5.2592
5.2615
5.2638
5.2661
5.2684
5.2706
5.2728
5.2750
5.2771
5.2793
5.2814
5.2834
5.2855
5.2875
5.2894
5.2914
5.2933
5.2952
5.2970
5.2988
5.2988
5.3006
5.3024
5.3041
5.3057
5.3074
5.3090
5.3105
5.3120
5.3135
5.3149
5.3163
5.3177
5.3190
5.3203
5.3215
5.3227
5.3238
5.3249
5.3260
5.3270
5.3280
5.3289
5.3297
5.3306
5.3314
5.3321
5.3328
5.3334
5.3340
5.3346
5.3351
5.3355
5.3359
5.3363
5.3366
5.3369
5.3371
5.3373
5.3374
5.3374
5.3375
5.3374
5.3374
5.3372
5.3372
5.3371
5.3369
5.3367
5.3366
5.3364
5.3362
5.3360
5.3359
5.3357
5.3355
5.3354
5.3352
5.3350
5.3348
5.3347
5.3345
5.3343
5.3342
5.3340
5.3338
5.3336
5.3335
5.3333
5.3331
5.3330
5.3328
5.3326
5.3324
5.3323
5.3321
5.3319
5.3318
5.3316
5.3314
5.3312
5.3311
5.3309
5.3307
5.3306
5.3304
5.3302
5.3300
5.3299
5.3297
5.3295
5.3294
5.3292
5.3290
5.3288
5.3287
5.3285
5.3283
5.3282
5.3280
5.3278
5.3276
5.3275
5.3273
5.3271
5.3270
5.3268
5.3266
5.3264
5.3263
5.3261
5.3259
5.3258
5.3256
5.3254
5.3252
5.3251
5.3249
5.3247
5.3246
5.3244
5.3242
5.3240
5.3239
5.3237
5.3235
5.3234
5.3232
5.3230
5.3228
5.3227
5.3225
5.3223
5.3222
5.3220
5.3218
5.3216
5.3215
5.3213
5.3211
5.3210
5.3208
5.3206
5.3204
5.3203
5.3201
5.3201
5.3199
5.3197
5.3194
5.3191
5.3188
5.3183
5.3179
5.3174
5.3168
5.3162
5.3156
5.3149
5.3141
5.3133
5.3125
5.3116
5.3107
5.3097
5.3087
5.3077
5.3066
5.3054
5.3042
5.3030
5.3017
5.3004
5.2990
5.2976
5.2962
5.2947
5.2932
5.2917
5.2901
5.2884
5.2867
5.2850
5.2833
5.2815
5.2797
5.2779
5.2760
5.2741
5.2721
5.2701
5.2701
5.2681
5.2661
5.2642
5.2623
5.2604
5.2585
5.2567
5.2549
5.2532
5.2515
5.2498
5.2482
5.2466
5.2450
5.2435
5.2420
5.2406
5.2392
5.2378
5.2365
5.2352
5.2340
5.2328
5.2317
5.2306
5.2295
5.2285
5.2275
5.2266
5.2257
5.2249
5.2241
5.2234
5.2227
5.2220
5.2214
5.2209
5.2204
5.2199
5.2195
5.2191
5.2188
5.2185
5.2183
5.2183
5.2181
5.2180
5.2178
5.2176
5.2175
5.2173
5.2171
5.2169
5.2168
5.2166
5.2164
5.2163
5.2161
5.2159
5.2157
5.2156
5.2154
5.2152
5.2151
5.2149
5.2147
5.2145
5.2144
5.2142
5.2140
5.2139
5.2137
5.2135
5.2133
5.2132
5.2130
5.2128
5.2127
5.2125
5.2123
5.2121
5.2120
5.2118
5.2116
5.2115
5.2113
5.2111
5.2109
5.2108
5.2106
5.2104
5.2103
5.2101
5.2099
5.2097
5.2096
5.2094
5.2092
5.2091
5.2089
5.2087
5.2085
5.2084
5.2082
5.2080
5.2079
5.2077
5.2075
5.2073
5.2072
5.2070
5.2068
5.2067
5.2065
5.2063
5.2061
5.2060
5.2058
5.2056
5.2055
5.2053
5.2051
5.2049
5.2048
5.2046
5.2044
5.2043
5.2041
5.2039
5.2037
5.2036
5.2034
5.2032
5.2031
5.2029
5.2027
5.2025
5.2024
5.2022
5.2020
5.2019
5.2017
5.2015
5.2013
5.2012
5.2012
5.2010
5.2008
5.2005
5.2002
5.1998
5.1994
5.1990
5.1984
5.1979
5.1973
5.1966
5.1959
5.1952
5.1944
5.1936
5.1927
5.1918
5.1908
5.1898
5.1887
5.1876
5.1865
5.1853
5.1841
5.1828
5.1815
5.1801
5.1787
5.1773
5.1758
5.1743
5.1727
5.1711
5.1695
5.1678
5.1661
5.1644
5.1626
5.1608
5.1589
5.1570
5.1551
5.1532
5.1512
5.1512
5.1492
5.1472
5.1453
5.1433
5.1415
5.1396
5.1378
5.1360
5.1343
5.1326
5.1309
5.1293
5.1277
5.1261
5.1246
5.1231
5.1217
5.1203
5.1189
5.1176
5.1163
5.1151
5.1139
5.1127
5.1116
5.1106
5.1096
5.1086
5.1077
5.1068
5.1060
5.1052
5.1044
5.1037
5.1031
5.1025
5.1019
5.1014
5.1010
5.1006
5.1002
5.0999
5.0996
5.0994
5.0994
5.0992
5.0990
5.0989
5.0987
5.0985
5.0984
5.0982
5.0980
5.0978
5.0977
5.0975
5.0973
5.0972
5.0970
5.0968
5.0966
5.0965
5.0963
5.0961
5.0960
5.0958
5.0956
5.0954
5.0953
5.0951
5.0949
5.0948
5.0946
5.0944
5.0942
5.0941
5.0939
5.0937
5.0936
5.0934
5.0932
5.0930
5.0929
5.0927
5.0925
5.0924
5.0922
5.0920
5.0918
5.0917
5.0915
5.0913
5.0912
5.0910
5.0908
5.0906
5.0905
5.0903
5.0901
5.0900
5.0898
5.0896
5.0894
5.0893
5.0891
5.0889
5.0888
5.0886
5.0884
5.0882
5.0881
5.0879
5.0877
5.0876
5.0874
5.0872
5.0870
5.0869
5.0867
5.0865
5.0864
5.0862
5.0860
5.0858
5.0857
5.0855
5.0853
5.0852
5.0850
5.0848
5.0846
5.0845
5.0843
5.0841
5.0840
5.0838
5.0836
5.0834
5.0833
5.0831
5.0829
5.0828
5.0826
5.0824
5.0822
5.0822
5.0821
5.0819
5.0817
5.0815
5.0814
5.0812
5.0810
5.0809
5.0807
5.0805
5.0803
5.0802
5.0800
5.0798
5.0797
5.0795
5.0793
5.0791
5.0790
5.0788
5.0786
5.0785
5.0783
5.0781
5.0779
5.0778
5.0776
5.0774
5.0773
5.0771
5.0769
5.0767
5.0766
5.0764
5.0762
5.0761
5.0759
5.0757
5.0755
5.0754
5.0752
5.0750
5.0749
5.0747
5.0745
5.0743
5.0742
5.0740
5.0738
5.0737
5.0735
5.0733
5.0731
5.0730
5.0728
5.0726
5.0725
5.0723
5.0721
5.0719
5.0718
5.0716
5.0714
5.0713
5.0711
5.0709
5.0707
5.0706
5.0704
5.0702
5.0701
5.0699
5.0697
5.0695
5.0694
5.0692
5.0690
5.0689
5.0687
5.0685
5.0683
5.0682
5.0680
5.0678
5.0677
5.0675
5.0673
5.0671
5.0670
5.0668
5.0666
5.0665
5.0663
5.0661
5.0659
5.0658
5.0656
5.0654
5.0653
5.0651
5.0651
5.0649
5.0647
5.0646
5.0644
5.0642
5.0641
5.0639
5.0637
5.0635
5.0634
5.0632
5.0630
5.0629
5.0627
5.0625
5.0623
5.0622
5.0620
5.0618
5.0617
5.0615
5.0613
5.0611
5.0610
5.0608
5.0606
5.0605
5.0603
5.0601
5.0599
5.0598
5.0596
5.0594
5.0593
5.0591
5.0589
5.0587
5.0586
5.0584
5.0582
5.0581
5.0579
5.0577
5.0575
5.0574
5.0572
5.0570
5.0569
5.0567
5.0565
5.0563
5.0562
5.0560
5.0558
5.0557
5.0555
5.0553
5.0551
5.0550
5.0548
5.0546
5.0545
5.0543
5.0541
5.0539
5.0538
5.0536
5.0534
5.0533
5.0531
5.0529
5.0527
5.0526
5.0524
5.0522
5.0521
5.0519
5.0517
5.0515
5.0514
5.0512
5.0510
5.0509
5.0507
5.0505
5.0503
5.0502
5.0500
5.0498
5.0497
5.0495
5.0493
5.0491
5.0490
5.0488
5.0486
5.0485
5.0483
5.0481
5.0479
5.0479
5.0478
5.0475
5.0473
5.0470
5.0466
5.0462
5.0457
5.0452
5.0447
5.0441
5.0434
5.0427
5.0420
5.0412
5.0404
5.0395
5.0386
5.0376
5.0366
5.0355
5.0344
5.0333
5.0321
5.0308
5.0296
5.0283
5.0269
5.0255
5.0241
5.0226
5.0211
5.0195
5.0179
5.0163
5.0146
5.0129
5.0111
5.0094
5.0075
5.0057
5.0038
5.0019
4.9999
4.9980
4.9980
4.9960
4.9939
4.9919
4.9899
4.9879
4.9859
4.9839
4.9819
4.9799
4.9779
4.9758
4.9738
4.9718
4.9698
4.9678
4.9658
4.9638
4.9618
4.9598
4.9577
4.9557
4.9537
4.9517
4.9497
4.9477
4.9457
4.9437
4.9417
4.9396
4.9376
4.9356
4.9336
4.9316
4.9296
4.9276
4.9256
4.9236
4.9215
4.9195
4.9175
4.9155
4.9135
4.9115
4.9095
4.9075
4.9055
4.9034
4.9014
4.8994
4.8974
4.8954
4.8934
4.8914
4.8894
4.8874
4.8853
4.8833
4.8813
4.8793
4.8773
4.8753
4.8733
4.8713
4.8693
4.8672
4.8652
4.8632
4.8612
4.8592
4.8572
4.8552
4.8532
4.8512
4.8491
4.8471
4.8451
4.8431
4.8411
4.8391
4.8371
4.8351
4.8331
4.8310
4.8290
4.8270
4.8250
4.8230
4.8210
4.8190
4.8170
4.8149
4.8129
4.8109
4.8089
4.8069
4.8049
4.8029
4.8009
4.7989
4.7968
4.7968
4.7948
4.7928
4.7907
4.7886
4.7865
4.7843
4.7822
4.7800
4.7777
4.7755
4.7732
4.7709
4.7685
4.7662
4.7638
4.7614
4.7590
4.7566
4.7542
4.7517
4.7492
4.7468
4.7443
4.7417
4.7392
4.7367
4.7341
4.7316
4.7290
4.7264
4.7239
4.7213
4.7187
4.7161
4.7135
4.7109
4.7083
4.7057
4.7031
4.7005
4.6979
4.6953
4.6927
4.6901
4.6901
4.6876
4.6850
4.6824
4.6798
4.6773
4.6747
4.6721
4.6695
4.6670
4.6644
4.6618
4.6592
4.6566
4.6541
4.6515
4.6489
4.6463
4.6438
4.6412
4.6386
4.6360
4.6334
4.6309
4.6283
4.6257
4.6231
4.6206
4.6180
4.6154
4.6128
4.6102
4.6077
4.6051
4.6025
4.5999
4.5974
4.5948
4.5922
4.5896
4.5871
4.5845
4.5819
4.5793
4.5767
4.5742
4.5716
4.5690
4.5664
4.5639
4.5613
4.5587
4.5561
4.5535
4.5510
4.5484
4.5458
4.5432
4.5407
4.5381
4.5355
4.5329
4.5303
4.5278
4.5252
4.5226
4.5200
4.5175
4.5149
4.5123
4.5097
4.5072
4.5046
4.5020
4.4994
4.4968
4.4943
4.4917
4.4891
4.4865
4.4840
4.4814
4.4788
4.4762
4.4736
4.4711
4.4685
4.4659
4.4633
4.4608
4.4582
4.4556
4.4530
4.4505
4.4479
4.4453
4.4427
4.4401
4.4376
4.4350
4.4324
4.4324
4.4298
4.4272
4.4247
4.4221
4.4195
4.4169
4.4143
4.4117
4.4091
4.4065
4.4039
4.4013
4.3987
4.3961
4.3935
4.3910
4.3884
4.3858
4.3833
4.3808
4.3782
4.3757
4.3732
4.3707
4.3683
4.3658
4.3634
4.3609
4.3585
4.3561
4.3538
4.3514
4.3491
4.3468
4.3445
4.3423
4.3400
4.3378
4.3356
4.3335
4.3314
4.3293
4.3272
4.3251
4.3251
4.3231
4.3211
4.3190
4.3169
4.3148
4.3126
4.3105
4.3082
4.3060
4.3038
4.3015
4.2992
4.2968
4.2945
4.2921
4.2897
4.2873
4.2849
4.2825
4.2800
4.2775
4.2751
4.2726
4.2700
4.2675
4.2650
4.2624
4.2599
4.2573
4.2547
4.2522
4.2496
4.2470
4.2444
4.2418
4.2392
4.2366
4.2340
4.2314
4.2288
4.2262
4.2236
4.2210
4.2184
4.2184
4.2159
4.2133
4.2107
4.2081
4.2056
4.2030
4.2004
4.1978
4.1952
4.1927
4.1901
4.1875
4.1849
4.1824
4.1798
4.1772
4.1746
4.1720
4.1695
4.1669
4.1643
4.1617
4.1592
4.1566
4.1540
4.1514
4.1489
4.1463
4.1437
4.1411
4.1385
4.1360
4.1334
4.1308
4.1282
4.1257
4.1231
4.1205
4.1179
4.1153
4.1128
4.1102
4.1076
4.1050
4.1025
4.0999
4.0973
4.0947
4.0921
4.0896
4.0870
4.0844
4.0818
4.0793
4.0767
4.0741
4.0715
4.0690
4.0664
4.0638
4.0612
4.0586
4.0561
4.0535
4.0509
4.0483
4.0458
4.0432
4.0406
4.0380
4.0354
4.0329
4.0303
4.0277
4.0251
4.0226
4.0200
4.0174
4.0148
4.0122
4.0097
4.0071
4.0045
4.0019
3.9994
3.9968
3.9942
3.9916
3.9891
3.9865
3.9839
3.9813
3.9787
3.9762
3.9736
3.9710
3.9684
3.9659
3.9633
3.9607
3.9607
3.9581
3.9555
3.9530
3.9504
3.9478
3.9452
3.9426
3.9400
3.9374
3.9348
3.9322
3.9296
3.9270
3.9244
3.9218
3.9193
3.9167
3.9141
3.9116
3.9091
3.9065
3.9040
3.9015
3.8990
3.8966
3.8941
3.8917
3.8892
3.8868
3.8844
3.8821
3.8797
3.8774
3.8751
3.8728
3.8706
3.8683
3.8661
3.8639
3.8618
3.8596
3.8575
3.8555
3.8534
3.8534
3.8514
3.8494
3.8475
3.8456
3.8437
3.8418
3.8400
3.8382
3.8365
3.8348
3.8331
3.8315
3.8299
3.8283
3.8268
3.8253
3.8239
3.8225
3.8211
3.8198
3.8185
3.8173
3.8161
3.8150
3.8139
3.8128
3.8118
3.8108
3.8099
3.8090
3.8082
3.8074
3.8067
3.8060
3.8053
3.8047
3.8042
3.8037
3.8032
3.8028
3.8024
3.8021
3.8018
3.8016
3.8016
3.8015
3.8013
3.8013
3.8012
3.8012
3.8013
3.8014
3.8016
3.8018
3.8021
3.8024
3.8028
3.8032
3.8036
3.8041
3.8047
3.8053
3.8059
3.8066
3.8073
3.8081
3.8089
3.8098
3.8107
3.8117
3.8127
3.8138
3.8149
3.8160
3.8172
3.8184
3.8197
3.8210
3.8224
3.8238
3.8252
3.8267
3.8282
3.8297
3.8313
3.8330
3.8346
3.8363
3.8381
3.8381
3.8399
3.8416
3.8434
3.8452
3.8470
3.8487
3.8505
3.8523
3.8541
3.8558
3.8576
3.8594
3.8612
3.8630
3.8647
3.8665
3.8683
3.8701
3.8718
3.8736
3.8754
3.8772
3.8789
3.8807
3.8825
3.8843
3.8861
3.8878
3.8896
3.8914
3.8932
3.8949
3.8967
3.8985
3.9003
3.9020
3.9038
3.9056
3.9074
3.9092
3.9109
3.9127
3.9145
3.9163
3.9180
3.9198
3.9216
3.9234
3.9251
3.9269
3.9287
3.9305
3.9322
3.9340
3.9358
3.9376
3.9394
3.9411
3.9429
3.9447
3.9465
3.9482
3.9500
3.9518
3.9536
3.9553
3.9571
3.9589
3.9607
3.9625
3.9642
3.9660
3.9678
3.9696
3.9713
3.9731
3.9749
3.9767
3.9784
3.9802
3.9820
3.9838
3.9856
3.9873
3.9891
3.9909
3.9927
3.9944
3.9962
3.9980
3.9998
4.0015
4.0033
4.0051
4.0069
4.0087
4.0104
4.0122
4.0140
4.0158
4.0158
4.0175
4.0193
4.0211
4.0229
4.0246
4.0264
4.0282
4.0300
4.0318
4.0335
4.0353
4.0371
4.0389
4.0406
4.0424
4.0442
4.0460
4.0477
4.0495
4.0513
4.0531
4.0548
4.0566
4.0584
4.0602
4.0620
4.0637
4.0655
4.0673
4.0691
4.0708
4.0726
4.0744
4.0762
4.0779
4.0797
4.0815
4.0833
4.0851
4.0868
4.0886
4.0904
4.0922
4.0939
4.0957
4.0975
4.0993
4.1010
4.1028
4.1046
4.1064
4.1082
4.1099
4.1117
4.1135
4.1153
4.1170
4.1188
4.1206
4.1224
4.1241
4.1259
4.1277
4.1295
4.1313
4.1330
4.1348
4.1366
4.1384
4.1401
4.1419
4.1437
4.1455
4.1472
4.1490
4.1508
4.1526
4.1544
4.1561
4.1579
4.1597
4.1615
4.1632
4.1650
4.1668
4.1686
4.1703
4.1721
4.1739
4.1757
4.1774
4.1792
4.1810
4.1828
4.1846
4.1863
4.1881
4.1899
4.1917
4.1934
4.1934
4.1952
4.1970
4.1987
4.2003
4.2020
4.2036
4.2051
4.2066
4.2081
4.2095
4.2109
4.2123
4.2136
4.2149
4.2161
4.2173
4.2184
4.2195
4.2206
4.2216
4.2226
4.2235
4.2243
4.2252
4.2260
4.2267
4.2274
4.2280
4.2286
4.2292
4.2297
4.2301
4.2305
4.2309
4.2312
4.2315
4.2317
4.2319
4.2320
4.2320
4.2321
4.2320
4.2320
4.2318
4.2318
4.2317
4.2315
4.2312
4.2309
4.2305
4.2301
4.2296
4.2291
4.2286
4.2280
4.2273
4.2266
4.2259
4.2251
4.2243
4.2234
4.2225
4.2215
4.2205
4.2194
4.2183
4.2172
4.2160
4.2147
4.2135
4.2122
4.2108
4.2094
4.2080
4.2065
4.2050
4.2034
4.2018
4.2002
4.1985
4.1968
4.1950
4.1933
4.1915
4.1896
4.1877
4.1858
4.1839
4.1819
4.1819
4.1799
4.1779
4.1758
4.1738
4.1718
4.1698
4.1678
4.1658
4.1638
4.1618
4.1598
4.1577
4.1557
4.1537
4.1517
4.1497
4.1477
4.1457
4.1437
4.1417
4.1396
4.1376
4.1356
4.1336
4.1316
4.1296
4.1276
4.1256
4.1235
4.1215
4.1195
4.1175
4.1155
4.1135
4.1115
4.1095
4.1075
4.1054
4.1034
4.1014
4.0994
4.0974
4.0954
4.0934
4.0914
4.0894
4.0873
4.0853
4.0833
4.0813
4.0793
4.0773
4.0753
4.0733
4.0713
4.0692
4.0672
4.0652
4.0632
4.0612
4.0592
4.0572
4.0552
4.0532
4.0511
4.0491
4.0471
4.0451
4.0431
4.0411
4.0391
4.0371
4.0351
4.0330
4.0310
4.0290
4.0270
4.0250
4.0230
4.0210
4.0190
4.0170
4.0149
4.0129
4.0109
4.0089
4.0069
4.0049
4.0029
4.0009
3.9989
3.9968
3.9948
3.9928
3.9908
3.9888
3.9868
3.9848
3.9828
3.9808
3.9808
3.9787
3.9768
3.9748
3.9729
3.9710
3.9692
3.9674
3.9656
3.9638
3.9621
3.9604
3.9588
3.9572
3.9557
3.9541
3.9527
3.9512
3.9498
3.9485
3.9471
3.9459
3.9446
3.9434
3.9423
3.9412
3.9401
3.9391
3.9382
3.9372
3.9364
3.9355
3.9347
3.9340
3.9333
3.9326
3.9320
3.9315
3.9310
3.9305
3.9301
3.9297
3.9294
3.9292
3.9289
3.9289
3.9288
3.9286
3.9283
3.9280
3.9276
3.9272
3.9267
3.9262
3.9257
3.9251
3.9244
3.9237
3.9230
3.9222
3.9214
3.9205
3.9196
3.9186
3.9176
3.9165
3.9154
3.9143
3.9131
3.9118
3.9106
3.9093
3.9079
3.9065
3.9051
3.9036
3.9021
3.9005
3.8989
3.8973
3.8956
3.8939
3.8921
3.8904
3.8886
3.8867
3.8848
3.8829
3.8810
3.8790
3.8790
3.8770
3.8750
3.8730
3.8711
3.8692
3.8674
3.8656
3.8638
3.8620
3.8603
3.8587
3.8570
3.8554
3.8539
3.8524
3.8509
3.8494
3.8480
3.8467
3.8454
3.8441
3.8429
3.8417
3.8405
3.8394
3.8384
3.8373
3.8364
3.8354
3.8346
3.8337
3.8329
3.8322
3.8315
3.8309
3.8303
3.8297
3.8292
3.8287
3.8283
3.8280
3.8277
3.8274
3.8272
3.8272
3.8270
3.8268
3.8266
3.8265
3.8263
3.8261
3.8260
3.8258
3.8256
3.8254
3.8253
3.8251
3.8249
3.8248
3.8246
3.8244
3.8242
3.8241
3.8239
3.8237
3.8236
3.8234
3.8232
3.8230
3.8229
3.8227
3.8225
3.8224
3.8222
3.8220
3.8218
3.8217
3.8215
3.8213
3.8212
3.8210
3.8208
3.8206
3.8205
3.8203
3.8201
3.8200
3.8198
3.8196
3.8194
3.8193
3.8191
3.8189
3.8188
3.8186
3.8184
3.8182
3.8181
3.8179
3.8177
3.8176
3.8174
3.8172
3.8170
3.8169
3.8167
3.8165
3.8164
3.8162
3.8160
3.8158
3.8157
3.8155
3.8153
3.8152
3.8150
3.8148
3.8146
3.8145
3.8143
3.8141
3.8140
3.8138
3.8136
3.8134
3.8133
3.8131
3.8129
3.8128
3.8126
3.8124
3.8122
3.8121
3.8119
3.8117
3.8116
3.8114
3.8112
3.8110
3.8109
3.8107
3.8105
3.8104
3.8102
3.8100
3.8100
3.8098
3.8097
3.8095
3.8093
3.8092
3.8090
3.8088
3.8086
3.8085
3.8083
3.8081
3.8080
3.8078
3.8076
3.8074
3.8073
3.8071
3.8069
3.8068
3.8066
3.8064
3.8062
3.8061
3.8059
3.8057
3.8056
3.8054
3.8052
3.8050
3.8049
3.8047
3.8045
3.8044
3.8042
3.8040
3.8038
3.8037
3.8035
3.8033
3.8032
3.8030
3.8028
3.8026
3.8025
3.8023
3.8021
3.8020
3.8018
3.8016
3.8014
3.8013
3.8011
3.8009
3.8008
3.8006
3.8004
3.8002
3.8001
3.7999
3.7997
3.7996
3.7994
3.7992
3.7990
3.7989
3.7987
3.7985
3.7984
3.7982
3.7980
3.7978
3.7977
3.7975
3.7973
3.7972
3.7970
3.7968
3.7966
3.7965
3.7963
3.7961
3.7960
3.7958
3.7956
3.7954
3.7953
3.7951
3.7949
3.7948
3.7946
3.7944
3.7942
3.7941
3.7939
3.7937
3.7936
3.7934
3.7932
3.7930
3.7929
3.7929
3.7927
3.7925
3.7924
3.7922
3.7920
3.7918
3.7917
3.7915
3.7913
3.7912
3.7910
3.7908
3.7906
3.7905
3.7903
3.7901
3.7900
3.7898
3.7896
3.7894
3.7893
3.7891
3.7889
3.7888
3.7886
3.7884
3.7882
3.7881
3.7879
3.7877
3.7876
3.7874
3.7872
3.7870
3.7869
3.7867
3.7865
3.7864
3.7862
3.7860
3.7858
3.7857
3.7855
3.7853
3.7851
3.7850
3.7848
3.7846
3.7845
3.7843
3.7841
3.7839
3.7838
3.7836
3.7834
3.7833
3.7831
3.7829
3.7827
3.7826
3.7824
3.7822
3.7821
3.7819
3.7817
3.7815
3.7814
3.7812
3.7810
3.7809
3.7807
3.7805
3.7803
3.7802
3.7800
3.7798
3.7797
3.7795
3.7793
3.7791
3.7790
3.7788
3.7786
3.7785
3.7783
3.7781
3.7779
3.7778
3.7776
3.7774
3.7773
3.7771
3.7769
3.7767
3.7766
3.7764
3.7762
3.7761
3.7759
3.7757
3.7757
3.7755
3.7754
3.7752
3.7750
3.7749
3.7747
3.7745
3.7743
3.7742
3.7740
3.7738
3.7737
3.7735
3.7733
3.7731
3.7730
3.7728
3.7726
3.7725
3.7723
3.7721
3.7719
3.7718
3.7716
3.7714
3.7713
3.7711
3.7709
3.7707
3.7706
3.7704
3.7702
3.7701
3.7699
3.7697
3.7695
3.7694
3.7692
3.7690
3.7689
3.7687
3.7685
3.7683
3.7682
3.7680
3.7678
3.7677
3.7675
3.7673
3.7671
3.7670
3.7668
3.7666
3.7665
3.7663
3.7661
3.7659
3.7658
3.7656
3.7654
3.7653
3.7651
3.7649
3.7647
3.7646
3.7644
3.7642
3.7641
3.7639
3.7637
3.7635
3.7634
3.7632
3.7630
3.7629
3.7627
3.7625
3.7623
3.7622
3.7620
3.7618
3.7617
3.7615
3.7613
3.7611
3.7610
3.7608
3.7606
3.7605
3.7603
3.7601
3.7599
3.7598
3.7596
3.7594
3.7593
3.7591
3.7589
3.7587
3.7586
3.7586
3.7584
3.7582
3.7579
3.7576
3.7572
3.7568
3.7564
3.7559
3.7553
3.7547
3.7540
3.7534
3.7526
3.7518
3.7510
3.7501
3.7492
3.7482
3.7472
3.7461
3.7450
3.7439
3.7427
3.7415
3.7402
3.7389
3.7375
3.7361
3.7347
3.7332
3.7317
3.7301
3.7285
3.7269
3.7252
3.7235
3.7218
3.7200
3.7182
3.7163
3.7144
3.7125
3.7106
3.7086
3.7086
3.7066
3.7046
3.7026
3.7006
3.6985
3.6965
3.6945
3.6925
3.6905
3.6885
3.6865
3.6845
3.6825
3.6804
3.6784
3.6764
3.6744
3.6724
3.6704
3.6684
3.6664
3.6644
3.6623
3.6603
3.6583
3.6563
3.6543
3.6523
3.6503
3.6483
3.6463
3.6442
3.6422
3.6402
3.6382
3.6362
3.6342
3.6322
3.6302
3.6282
3.6261
3.6241
3.6221
3.6201
3.6181
3.6161
3.6141
3.6121
3.6101
3.6080
3.6060
3.6040
3.6020
3.6000
3.5980
3.5960
3.5940
3.5919
3.5899
3.5879
3.5859
3.5839
3.5819
3.5799
3.5779
3.5759
3.5738
3.5718
3.5698
3.5678
3.5658
3.5638
3.5618
3.5598
3.5578
3.5557
3.5537
3.5517
3.5497
3.5477
3.5457
3.5437
3.5417
3.5397
3.5376
3.5356
3.5336
3.5316
3.5296
3.5276
3.5256
3.5236
3.5216
3.5195
3.5175
3.5155
3.5135
3.5115
3.5095
3.5075
3.5075
3.5055
3.5035
3.5015
3.4996
3.4977
3.4959
3.4941
3.4923
3.4906
3.4888
3.4872
3.4855
3.4839
3.4824
3.4809
3.4794
3.4779
3.4765
3.4752
3.4739
3.4726
3.4714
3.4702
3.4690
3.4679
3.4669
3.4659
3.4649
3.4640
3.4631
3.4622
3.4615
3.4607
3.4600
3.4594
3.4588
3.4582
3.4577
3.4572
3.4568
3.4565
3.4562
3.4559
3.4557
3.4557
3.4555
3.4553
3.4550
3.4547
3.4543
3.4539
3.4535
3.4530
3.4524
3.4518
3.4511
3.4505
3.4497
3.4489
3.4481
3.4472
3.4463
3.4453
3.4443
3.4432
3.4421
3.4410
3.4398
3.4386
3.4373
3.4360
3.4346
3.4332
3.4318
3.4303
3.4288
3.4272
3.4256
3.4240
3.4223
3.4206
3.4189
3.4171
3.4153
3.4134
3.4115
3.4096
3.4077
3.4057
3.4057
3.4037
3.4017
3.3997
3.3977
3.3956
3.3936
3.3916
3.3896
3.3876
3.3856
3.3836
3.3816
3.3796
3.3775
3.3755
3.3735
3.3715
3.3695
3.3675
3.3655
3.3635
3.3615
3.3594
3.3574
3.3554
3.3534
3.3514
3.3494
3.3474
3.3454
3.3434
3.3413
3.3393
3.3373
3.3353
3.3333
3.3313
3.3293
3.3273
3.3253
3.3232
3.3212
3.3192
3.3172
3.3152
3.3132
3.3112
3.3092
3.3072
3.3051
3.3031
3.3011
3.2991
3.2971
3.2951
3.2931
3.2911
3.2890
3.2870
3.2850
3.2830
3.2810
3.2790
3.2770
3.2750
3.2730
3.2709
3.2689
3.2669
3.2649
3.2629
3.2609
3.2589
3.2569
3.2549
3.2528
3.2508
3.2488
3.2468
3.2448
3.2428
3.2408
3.2388
3.2368
3.2347
3.2327
3.2307
3.2287
3.2267
3.2247
3.2227
3.2207
3.2187
3.2166
3.2146
3.2126
3.2106
3.2086
3.2066
3.2046
3.2046
3.2026
3.2006
3.1986
3.1967
3.1948
3.1930
3.1912
3.1894
3.1877
3.1859
3.1843
3.1826
3.1810
3.1795
3.1780
3.1765
3.1750
3.1736
3.1723
3.1710
3.1697
3.1685
3.1673
3.1661
3.1650
3.1640
3.1629
3.1620
3.1611
3.1602
3.1593
3.1586
3.1578
3.1571
3.1565
3.1559
3.1553
3.1548
3.1543
3.1539
3.1536
3.1533
3.1530
3.1528
3.1528
3.1526
3.1525
3.1524
3.1524
3.1524
3.1525
3.1526
3.1528
3.1530
3.1532
3.1535
3.1539
3.1543
3.1548
3.1553
3.1558
3.1564
3.1571
3.1577
3.1585
3.1593
3.1601
3.1610
3.1619
3.1629
3.1639
3.1649
3.1660
3.1672
3.1683
3.1696
3.1708
3.1722
3.1735
3.1749
3.1763
3.1778
3.1793
3.1809
3.1825
3.1841
3.1858
3.1875
3.1892
3.1892
3.1910
3.1928
3.1946
3.1963
3.1981
3.1999
3.2017
3.2034
3.2052
3.2070
3.2088
3.2105
3.2123
3.2141
3.2159
3.2177
3.2194
3.2212
3.2230
3.2248
3.2265
3.2283
3.2301
3.2319
3.2336
3.2354
3.2372
3.2390
3.2408
3.2425
3.2443
3.2461
3.2479
3.2496
3.2514
3.2532
3.2550
3.2567
3.2585
3.2603
3.2621
3.2639
3.2656
3.2674
3.2692
3.2710
3.2727
3.2745
3.2763
3.2781
3.2798
3.2816
3.2834
3.2852
3.2869
3.2887
3.2905
3.2923
3.2941
3.2958
3.2976
3.2994
3.3012
3.3029
3.3047
3.3065
3.3083
3.3100
3.3118
3.3136
3.3154
3.3172
3.3189
3.3207
3.3225
3.3243
3.3260
3.3278
3.3296
3.3314
3.3331
3.3349
3.3367
3.3385
3.3403
3.3420
3.3438
3.3456
3.3474
3.3491
3.3509
3.3527
3.3545
3.3562
3.3580
3.3598
3.3616
3.3634
3.3651
3.3669
3.3669
3.3687
3.3705
3.3722
3.3740
3.3758
3.3776
3.3793
3.3811
3.3829
3.3847
3.3865
3.3882
3.3900
3.3918
3.3936
3.3953
3.3971
3.3989
3.4007
3.4024
3.4042
3.4060
3.4078
3.4095
3.4113
3.4131
3.4149
3.4167
3.4184
3.4202
3.4220
3.4238
3.4255
3.4273
3.4291
3.4309
3.4326
3.4344
3.4362
3.4380
3.4398
3.4415
3.4433
3.4451
3.4469
3.4486
3.4504
3.4522
3.4540
3.4557
3.4575
3.4593
3.4611
3.4629
3.4646
3.4664
3.4682
3.4700
3.4717
3.4735
3.4753
3.4771
3.4788
3.4806
3.4824
3.4842
3.4860
3.4877
3.4895
3.4913
3.4931
3.4948
3.4966
3.4984
3.5002
3.5019
3.5037
3.5055
3.5073
3.5091
3.5108
3.5126
3.5144
3.5162
3.5179
3.5197
3.5215
3.5233
3.5250
3.5268
3.5286
3.5304
3.5321
3.5339
3.5357
3.5375
3.5393
3.5410
3.5428
3.5446
3.5446
3.5464
3.5481
3.5499
3.5517
3.5535
3.5552
3.5570
3.5588
3.5606
3.5624
3.5641
3.5659
3.5677
3.5695
3.5712
3.5730
3.5748
3.5766
3.5783
3.5801
3.5819
3.5837
3.5855
3.5872
3.5890
3.5908
3.5926
3.5943
3.5961
3.5979
3.5997
3.6014
3.6032
3.6050
3.6068
3.6086
3.6103
3.6121
3.6139
3.6157
3.6174
3.6192
3.6210
3.6228
3.6245
3.6263
3.6281
3.6299
3.6317
3.6334
3.6352
3.6370
3.6388
3.6405
3.6423
3.6441
3.6459
3.6476
3.6494
3.6512
3.6530
3.6547
3.6565
3.6583
3.6601
3.6619
3.6636
3.6654
3.6672
3.6690
3.6707
3.6725
3.6743
3.6761
3.6778
3.6796
3.6814
3.6832
3.6850
3.6867
3.6885
3.6903
3.6921
3.6938
3.6956
3.6974
3.6992
3.7009
3.7027
3.7045
3.7063
3.7081
3.7098
3.7116
3.7134
3.7152
3.7169
3.7187
3.7205
3.7223
3.7223
3.7240
3.7258
3.7276
3.7294
3.7312
3.7329
3.7347
3.7365
3.7383
3.7400
3.7418
3.7436
3.7454
3.7471
3.7489
3.7507
3.7525
3.7543
3.7560
3.7578
3.7596
3.7614
3.7631
3.7649
3.7667
3.7685
3.7702
3.7720
3.7738
3.7756
3.7773
3.7791
3.7809
3.7827
3.7845
3.7862
3.7880
3.7898
3.7916
3.7933
3.7951
3.7969
3.7987
3.8004
3.8022
3.8040
3.8058
3.8076
3.8093
3.8111
3.8129
3.8147
3.8164
3.8182
3.8200
3.8218
3.8235
3.8253
3.8271
3.8289
3.8307
3.8324
3.8342
3.8360
3.8378
3.8395
3.8413
3.8431
3.8449
3.8466
3.8484
3.8502
3.8520
3.8538
3.8555
3.8573
3.8591
3.8609
3.8626
3.8644
3.8662
3.8680
3.8697
3.8715
3.8733
3.8751
3.8769
3.8786
3.8804
3.8822
3.8840
3.8857
3.8875
3.8893
3.8911
3.8928
3.8946
3.8964
3.8982
3.8999
3.8999
3.9017
3.9035
3.9053
3.9071
3.9088
3.9106
3.9124
3.9142
3.9159
3.9177
3.9195
3.9213
3.9230
3.9248
3.9266
3.9284
3.9302
3.9319
3.9337
3.9355
3.9373
3.9390
3.9408
3.9426
3.9444
3.9461
3.9479
3.9497
3.9515
3.9533
3.9550
3.9568
3.9586
3.9604
3.9621
3.9639
3.9657
3.9675
3.9692
3.9710
3.9728
3.9746
3.9764
3.9781
3.9799
3.9817
3.9835
3.9852
3.9870
3.9888
3.9906
3.9923
3.9941
3.9959
3.9977
3.9995
4.0012
4.0030
4.0048
4.0066
4.0083
4.0101
4.0119
4.0137
4.0154
4.0172
4.0190
4.0208
4.0226
4.0243
4.0261
4.0279
4.0297
4.0314
4.0332
4.0350
4.0368
4.0385
4.0403
4.0421
4.0439
4.0456
4.0474
4.0492
4.0510
4.0528
4.0545
4.0563
4.0581
4.0599
4.0616
4.0634
4.0652
4.0670
4.0687
4.0705
4.0723
4.0741
4.0759
4.0776
4.0776
4.0794
4.0812
4.0830
4.0847
4.0865
4.0883
4.0901
4.0918
4.0936
4.0954
4.0972
4.0990
4.1007
4.1025
4.1043
4.1061
4.1078
4.1096
4.1114
4.1132
4.1149
4.1167
4.1185
4.1203
4.1221
4.1238
4.1256
4.1274
4.1292
4.1309
4.1327
4.1345
4.1363
4.1380
4.1398
4.1416
4.1434
4.1452
4.1469
4.1487
4.1505
4.1523
4.1540
4.1558
4.1576
4.1594
4.1611
4.1629
4.1647
4.1665
4.1682
4.1700
4.1718
4.1736
4.1754
4.1771
4.1789
4.1807
4.1825
4.1842
4.1860
4.1878
4.1896
4.1913
4.1931
4.1949
4.1967
4.1985
4.2002
4.2020
4.2038
4.2056
4.2073
4.2091
4.2109
4.2127
4.2144
4.2162
4.2180
4.2198
4.2216
4.2233
4.2251
4.2269
4.2287
4.2304
4.2322
4.2340
4.2358
4.2375
4.2393
4.2411
4.2429
4.2447
4.2464
4.2482
4.2500
4.2518
4.2535
4.2553
4.2553
4.2571
4.2589
4.2607
4.2626
4.2645
4.2665
4.2685
4.2705
4.2725
4.2746
4.2767
4.2788
4.2810
4.2831
4.2853
4.2876
4.2898
4.2921
4.2944
4.2967
4.2991
4.3014
4.3038
4.3062
4.3087
4.3111
4.3135
4.3160
4.3185
4.3210
4.3235
4.3260
4.3286
4.3311
4.3337
4.3362
4.3388
4.3414
4.3440
4.3466
4.3492
4.3518
4.3543
4.3569
4.3569
4.3595
4.3621
4.3647
4.3673
4.3699
4.3725
4.3751
4.3777
4.3803
4.3828
4.3854
4.3879
4.3905
4.3930
4.3955
4.3980
4.4005
4.4030
4.4054
4.4078
4.4103
4.4127
4.4151
4.4174
4.4198
4.4221
4.4244
4.4267
4.4289
4.4312
4.4334
4.4355
4.4377
4.4398
4.4419
4.4440
4.4460
4.4480
4.4500
4.4520
4.4539
4.4557
4.4576
4.4594
4.4594
4.4612
4.4630
4.4647
4.4665
4.4683
4.4701
4.4718
4.4736
4.4754
4.4772
4.4790
4.4807
4.4825
4.4843
4.4861
4.4878
4.4896
4.4914
4.4932
4.4949
4.4967
4.4985
4.5003
4.5021
4.5038
4.5056
4.5074
4.5092
4.5109
4.5127
4.5145
4.5163
4.5180
4.5198
4.5216
4.5234
4.5252
4.5269
4.5287
4.5305
4.5323
4.5340
4.5358
4.5376
4.5394
4.5411
4.5429
4.5447
4.5465
4.5482
4.5500
4.5518
4.5536
4.5554
4.5571
4.5589
4.5607
4.5625
4.5642
4.5660
4.5678
4.5696
4.5713
4.5731
4.5749
4.5767
4.5785
4.5802
4.5820
4.5838
4.5856
4.5873
4.5891
4.5909
4.5927
4.5944
4.5962
4.5980
4.5998
4.6016
4.6033
4.6051
4.6069
4.6087
4.6104
4.6122
4.6140
4.6158
4.6175
4.6193
4.6211
4.6229
4.6247
4.6264
4.6282
4.6300
4.6318
4.6335
4.6353
4.6371
4.6371
4.6389
4.6407
4.6425
4.6444
4.6463
4.6483
4.6502
4.6522
4.6543
4.6564
4.6585
4.6606
4.6627
4.6649
4.6671
4.6693
4.6716
4.6739
4.6762
4.6785
4.6809
4.6832
4.6856
4.6880
4.6904
4.6929
4.6953
4.6978
4.7003
4.7028
4.7053
4.7078
4.7104
4.7129
4.7155
4.7180
4.7206
4.7232
4.7257
4.7283
4.7309
4.7335
4.7361
4.7387
4.7387
4.7413
4.7439
4.7465
4.7491
4.7517
4.7543
4.7569
4.7595
4.7621
4.7647
4.7673
4.7699
4.7725
4.7751
4.7777
4.7803
4.7829
4.7855
4.7881
4.7907
4.7933
4.7959
4.7985
4.8011
4.8037
4.8063
4.8089
4.8115
4.8141
4.8167
4.8193
4.8219
4.8245
4.8271
4.8297
4.8323
4.8349
4.8375
4.8401
4.8427
4.8453
4.8479
4.8505
4.8531
4.8557
4.8583
4.8609
4.8635
4.8661
4.8687
4.8713
4.8739
4.8765
4.8791
4.8817
4.8843
4.8869
4.8895
4.8921
4.8947
4.8973
4.8999
4.9025
4.9051
4.9077
4.9103
4.9129
4.9155
4.9181
4.9207
4.9233
4.9259
4.9285
4.9311
4.9337
4.9363
4.9389
4.9415
4.9441
4.9467
4.9493
4.9519
4.9545
4.9571
4.9597
4.9623
4.9649
4.9675
4.9701
4.9727
4.9753
4.9779
4.9805
4.9831
4.9857
4.9883
4.9909
4.9935
4.9961
4.9987
4.9987
5.0013
5.0039
5.0065
5.0091
5.0117
5.0143
5.0169
5.0195
5.0221
5.0247
5.0273
5.0299
5.0325
5.0351
5.0377
5.0403
5.0429
5.0455
5.0481
5.0507
5.0533
5.0559
5.0585
5.0611
5.0637
5.0663
5.0689
5.0715
5.0741
5.0767
5.0793
5.0819
5.0845
5.0871
5.0897
5.0923
5.0949
5.0975
5.1001
5.1027
5.1053
5.1079
5.1105
5.1131
5.1157
5.1183
5.1209
5.1235
5.1261
5.1287
5.1313
5.1339
5.1365
5.1391
5.1417
5.1443
5.1469
5.1495
5.1521
5.1547
5.1573
5.1599
5.1625
5.1651
5.1677
5.1703
5.1729
5.1755
5.1781
5.1807
5.1833
5.1859
5.1885
5.1911
5.1937
5.1963
5.1989
5.2015
5.2041
5.2067
5.2093
5.2119
5.2145
5.2171
5.2197
5.2223
5.2249
5.2275
5.2301
5.2327
5.2353
5.2379
5.2405
5.2431
5.2457
5.2483
5.2509
5.2535
5.2561
5.2587
5.2587
5.2613
5.2639
5.2665
5.2691
5.2717
5.2743
5.2769
5.2795
5.2821
5.2847
5.2873
5.2899
5.2925
5.2951
5.2977
5.3003
5.3029
5.3055
5.3081
5.3107
5.3133
5.3159
5.3185
5.3211
5.3237
5.3263
5.3289
5.3315
5.3341
5.3367
5.3393
5.3419
5.3445
5.3471
5.3497
5.3523
5.3549
5.3575
5.3601
5.3627
5.3653
5.3679
5.3705
5.3731
5.3757
5.3783
5.3809
5.3835
5.3861
5.3887
5.3913
5.3939
5.3965
5.3991
5.4017
5.4043
5.4069
5.4095
5.4121
5.4147
5.4173
5.4199
5.4225
5.4251
5.4277
5.4303
5.4329
5.4355
5.4381
5.4407
5.4433
5.4459
5.4485
5.4511
5.4537
5.4563
5.4589
5.4615
5.4641
5.4667
5.4693
5.4719
5.4745
5.4771
5.4797
5.4823
5.4849
5.4875
5.4901
5.4927
5.4953
5.4979
5.5005
5.5031
5.5057
5.5083
5.5109
5.5135
5.5161
5.5187
5.5187
5.5213
5.5239
5.5265
5.5291
5.5317
5.5343
5.5369
5.5395
5.5420
5.5446
5.5472
5.5497
5.5522
5.5548
5.5573
5.5598
5.5623
5.5647
5.5672
5.5696
5.5720
5.5744
5.5768
5.5792
5.5815
5.5839
5.5862
5.5884
5.5907
5.5929
5.5951
5.5973
5.5995
5.6016
5.6037
5.6058
5.6078
5.6098
5.6118
5.6137
5.6156
5.6175
5.6194
5.6212
5.6212
5.6230
5.6248
5.6266
5.6285
5.6304
5.6324
5.6343
5.6363
5.6384
5.6404
5.6425
5.6447
5.6468
5.6490
5.6512
5.6534
5.6557
5.6580
5.6603
5.6626
5.6649
5.6673
5.6697
5.6721
5.6745
5.6770
5.6794
5.6819
5.6844
5.6869
5.6894
5.6919
5.6944
5.6970
5.6995
5.7021
5.7047
5.7073
5.7098
5.7124
5.7150
5.7176
5.7202
5.7228
5.7228
5.7254
5.7280
5.7306
5.7332
5.7358
5.7384
5.7410
5.7436
5.7461
5.7487
5.7512
5.7538
5.7563
5.7589
5.7614
5.7639
5.7664
5.7688
5.7713
5.7737
5.7761
5.7785
5.7809
5.7833
5.7856
5.7880
5.7903
5.7925
5.7948
5.7970
5.7992
5.8014
5.8036
5.8057
5.8078
5.8099
5.8119
5.8139
5.8159
5.8178
5.8197
5.8216
5.8235
5.8253
5.8253
5.8271
5.8289
5.8307
5.8326
5.8345
5.8365
5.8384
5.8404
5.8425
5.8445
5.8466
5.8488
5.8509
5.8531
5.8553
5.8575
5.8598
5.8621
5.8644
5.8667
5.8690
5.8714
5.8738
5.8762
5.8786
5.8811
5.8835
5.8860
5.8885
5.8910
5.8935
5.8960
5.8985
5.9011
5.9036
5.9062
5.9088
5.9114
5.9139
5.9165
5.9191
5.9217
5.9243
5.9269
5.9269
5.9295
5.9321
5.9347
5.9373
5.9399
5.9425
5.9451
5.9477
5.9502
5.9528
5.9553
5.9579
5.9604
5.9629
5.9655
5.9680
5.9704
5.9729
5.9754
5.9778
5.9802
5.9826
5.9850
5.9874
5.9897
5.9921
5.9944
5.9966
5.9989
6.0011
6.0033
6.0055
6.0077
6.0098
6.0119
6.0140
6.0160
6.0180
6.0200
6.0219
6.0238
6.0257
6.0276
6.0294
6.0294
6.0312
6.0329
6.0346
6.0363
6.0379
6.0395
6.0410
6.0426
6.0440
6.0455
6.0469
6.0482
6.0495
6.0508
6.0520
6.0532
6.0544
6.0555
6.0565
6.0575
6.0585
6.0594
6.0603
6.0611
6.0619
6.0626
6.0633
6.0640
6.0646
6.0651
6.0656
6.0661
6.0665
6.0668
6.0671
6.0674
6.0676
6.0678
6.0679
6.0680
6.0680
6.0680
6.0679
6.0678
6.0678
6.0676
6.0674
6.0673
6.0671
6.0669
6.0667
6.0666
6.0664
6.0662
6.0661
6.0659
6.0657
6.0655
6.0654
6.0652
6.0650
6.0649
6.0647
6.0645
6.0643
6.0642
6.0640
6.0638
6.0637
6.0635
6.0633
6.0631
6.0630
6.0628
6.0626
6.0625
6.0623
6.0621
6.0619
6.0618
6.0616
6.0614
6.0613
6.0611
6.0609
6.0607
6.0606
6.0604
6.0602
6.0601
6.0599
6.0597
6.0595
6.0594
6.0592
6.0590
6.0589
6.0587
6.0585
6.0583
6.0582
6.0580
6.0578
6.0577
6.0575
6.0573
6.0571
6.0570
6.0568
6.0566
6.0565
6.0563
6.0561
6.0559
6.0558
6.0556
6.0554
6.0553
6.0551
6.0549
6.0547
6.0546
6.0544
6.0542
6.0541
6.0539
6.0537
6.0535
6.0534
6.0532
6.0530
6.0529
6.0527
6.0525
6.0523
6.0522
6.0520
6.0518
6.0517
6.0515
6.0513
6.0511
6.0510
6.0508
6.0506
6.0506
6.0505
6.0503
6.0501
6.0499
6.0498
6.0496
6.0494
6.0493
6.0491
6.0489
6.0487
6.0486
6.0484
6.0482
6.0481
6.0479
6.0477
6.0475
6.0474
6.0472
6.0470
6.0469
6.0467
6.0465
6.0463
6.0462
6.0460
6.0458
6.0457
6.0455
6.0453
6.0451
6.0450
6.0448
6.0446
6.0445
6.0443
6.0441
6.0439
6.0438
6.0436
6.0434
6.0433
6.0431
6.0429
6.0427
6.0426
6.0424
6.0422
6.0421
6.0419
6.0417
6.0415
6.0414
6.0412
6.0410
6.0409
6.0407
6.0405
6.0403
6.0402
6.0400
6.0398
6.0397
6.0395
6.0393
6.0391
6.0390
6.0388
6.0386
6.0385
6.0383
6.0381
6.0379
6.0378
6.0376
6.0374
6.0373
6.0371
6.0369
6.0367
6.0366
6.0364
6.0362
6.0361
6.0359
6.0357
6.0355
6.0354
6.0352
6.0350
6.0349
6.0347
6.0345
6.0343
6.0342
6.0340
6.0338
6.0337
6.0335
6.0335
6.0333
6.0332
6.0331
6.0331
6.0331
6.0332
6.0333
6.0335
6.0337
6.0339
6.0343
6.0346
6.0350
6.0355
6.0360
6.0365
6.0371
6.0378
6.0385
6.0392
6.0400
6.0408
6.0417
6.0426
6.0436
6.0446
6.0456
6.0467
6.0479
6.0491
6.0503
6.0516
6.0529
6.0542
6.0556
6.0571
6.0585
6.0600
6.0616
6.0632
6.0648
6.0665
6.0682
6.0699
6.0699
6.0717
6.0735
6.0754
6.0773
6.0792
6.0811
6.0831
6.0851
6.0871
6.0892
6.0913
6.0934
6.0956
6.0978
6.1000
6.1022
6.1044
6.1067
6.1090
6.1114
6.1137
6.1161
6.1184
6.1209
6.1233
6.1257
6.1282
6.1306
6.1331
6.1356
6.1381
6.1407
6.1432
6.1457
6.1483
6.1509
6.1534
6.1560
6.1586
6.1612
6.1638
6.1664
6.1690
6.1716
6.1716
6.1742
6.1768
6.1794
6.1820
6.1846
6.1872
6.1898
6.1924
6.1950
6.1976
6.2002
6.2028
6.2054
6.2080
6.2106
6.2132
6.2158
6.2184
6.2210
6.2236
6.2262
6.2288
6.2314
6.2340
6.2366
6.2392
6.2418
6.2444
6.2470
6.2496
6.2522
6.2548
6.2574
6.2600
6.2626
6.2652
6.2678
6.2704
6.2730
6.2756
6.2782
6.2808
6.2834
6.2860
6.2886
6.2912
6.2938
6.2964
6.2990
6.3016
6.3042
6.3068
6.3094
6.3120
6.3146
6.3172
6.3198
6.3224
6.3250
6.3276
6.3302
6.3328
6.3354
6.3380
6.3406
6.3432
6.3458
6.3484
6.3510
6.3536
6.3562
6.3588
6.3614
6.3640
6.3666
6.3692
6.3718
6.3744
6.3770
6.3796
6.3822
6.3848
6.3874
6.3900
6.3926
6.3952
6.3978
6.4004
6.4030
6.4056
6.4082
6.4108
6.4134
6.4160
6.4186
6.4212
6.4238
6.4264
6.4290
6.4316
6.4316
6.4342
6.4368
6.4394
6.4420
6.4446
6.4472
6.4498
6.4524
6.4550
6.4576
6.4602
6.4628
6.4654
6.4680
6.4706
6.4732
6.4758
6.4784
6.4810
6.4836
6.4862
6.4888
6.4914
6.4940
6.4966
6.4992
6.5018
6.5044
6.5070
6.5096
6.5122
6.5148
6.5174
6.5200
6.5226
6.5252
6.5278
6.5304
6.5330
6.5356
6.5382
6.5408
6.5434
6.5460
6.5486
6.5512
6.5538
6.5564
6.5590
6.5616
6.5642
6.5668
6.5694
6.5720
6.5746
6.5772
6.5798
6.5824
6.5850
6.5876
6.5902
6.5928
6.5954
6.5980
6.6006
6.6032
6.6058
6.6084
6.6110
6.6136
6.6162
6.6188
6.6214
6.6240
6.6266
6.6292
6.6318
6.6344
6.6370
6.6396
6.6422
6.6448
6.6474
6.6500
6.6526
6.6552
6.6578
6.6604
6.6630
6.6656
6.6682
6.6708
6.6734
6.6760
6.6786
6.6812
6.6838
6.6864
6.6890
6.6916
6.6916
6.6942
6.6968
6.6994
6.7020
6.7046
6.7071
6.7097
6.7123
6.7149
6.7174
6.7200
6.7225
6.7251
6.7276
6.7301
6.7326
6.7351
6.7376
6.7400
6.7425
6.7449
6.7473
6.7497
6.7520
6.7544
6.7567
6.7590
6.7613
6.7636
6.7658
6.7680
6.7702
6.7723
6.7744
6.7765
6.7786
6.7806
6.7827
6.7846
6.7866
6.7885
6.7904
6.7922
6.7940
6.7940
6.7958
6.7976
6.7995
6.8013
6.8033
6.8052
6.8072
6.8092
6.8112
6.8133
6.8154
6.8175
6.8197
6.8219
6.8241
6.8263
6.8285
6.8308
6.8331
6.8354
6.8378
6.8402
6.8425
6.8449
6.8474
6.8498
6.8523
6.8547
6.8572
6.8597
6.8622
6.8648
6.8673
6.8698
6.8724
6.8750
6.8775
6.8801
6.8827
6.8853
6.8879
6.8905
6.8931
6.8957
6.8957
6.8983
6.9009
6.9035
6.9061
6.9087
6.9112
6.9138
6.9164
6.9190
6.9215
6.9241
6.9266
6.9292
6.9317
6.9342
6.9367
6.9392
6.9417
6.9441
6.9466
6.9490
6.9514
6.9538
6.9561
6.9585
6.9608
6.9631
6.9654
6.9676
6.9699
6.9721
6.9743
6.9764
6.9785
6.9806
6.9827
6.9847
6.9868
6.9887
6.9907
6.9926
6.9945
6.9963
6.9981
6.9981
6.9999
7.0017
7.0035
7.0052
7.0070
7.0088
7.0106
7.0123
7.0141
7.0159
7.0177
7.0194
7.0212
7.0230
7.0248
7.0266
7.0283
7.0301
7.0319
7.0337
7.0354
7.0372
7.0390
7.0408
7.0425
7.0443
7.0461
7.0479
7.0497
7.0514
7.0532
7.0550
7.0568
7.0585
7.0603
7.0621
7.0639
7.0656
7.0674
7.0692
7.0710
7.0728
7.0745
7.0763
7.0781
7.0799
7.0816
7.0834
7.0852
7.0870
7.0887
7.0905
7.0923
7.0941
7.0959
7.0976
7.0994
7.1012
7.1030
7.1047
7.1065
7.1083
7.1101
7.1118
7.1136
7.1154
7.1172
7.1189
7.1207
7.1225
7.1243
7.1261
7.1278
7.1296
7.1314
7.1332
7.1349
7.1367
7.1385
7.1403
7.1420
7.1438
7.1456
7.1474
7.1492
7.1509
7.1527
7.1545
7.1563
7.1580
7.1598
7.1616
7.1634
7.1651
7.1669
7.1687
7.1705
7.1723
7.1740
7.1758
7.1758
7.1776
7.1793
7.1810
7.1827
7.1843
7.1859
7.1875
7.1890
7.1905
7.1919
7.1933
7.1947
7.1960
7.1972
7.1985
7.1996
7.2008
7.2019
7.2029
7.2040
7.2049
7.2058
7.2067
7.2075
7.2083
7.2091
7.2098
7.2104
7.2110
7.2115
7.2120
7.2125
7.2129
7.2133
7.2136
7.2138
7.2141
7.2142
7.2143
7.2144
7.2144
7.2144
7.2143
7.2142
7.2142
7.2140
7.2139
7.2137
7.2135
7.2134
7.2132
7.2130
7.2128
7.2127
7.2125
7.2123
7.2122
7.2120
7.2118
7.2116
7.2115
7.2113
7.2111
7.2110
7.2108
7.2106
7.2104
7.2103
7.2101
7.2099
7.2098
7.2096
7.2094
7.2092
7.2091
7.2089
7.2087
7.2086
7.2084
7.2082
7.2080
7.2079
7.2077
7.2075
7.2074
7.2072
7.2070
7.2068
7.2067
7.2065
7.2063
7.2062
7.2060
7.2058
7.2056
7.2055
7.2053
7.2051
7.2050
7.2048
7.2046
7.2044
7.2043
7.2041
7.2039
7.2037
7.2036
7.2034
7.2032
7.2031
7.2029
7.2027
7.2025
7.2024
7.2022
7.2020
7.2019
7.2017
7.2015
7.2013
7.2012
7.2010
7.2008
7.2007
7.2005
7.2003
7.2001
7.2000
7.1998
7.1996
7.1995
7.1993
7.1991
7.1989
7.1988
7.1986
7.1984
7.1983
7.1981
7.1979
7.1977
7.1976
7.1974
7.1972
7.1971
7.1971
7.1969
7.1968
7.1967
7.1967
7.1967
7.1968
7.1969
7.1970
7.1973
7.1975
7.1978
7.1982
7.1986
7.1991
7.1996
7.2001
7.2007
7.2013
7.2020
7.2028
7.2036
7.2044
7.2053
7.2062
7.2071
7.2082
7.2092
7.2103
7.2115
7.2126
7.2139
7.2151
7.2164
7.2178
7.2192
7.2206
7.2221
7.2236
7.2252
7.2268
7.2284
7.2301
7.2318
7.2335
7.2335
7.2353
7.2371
7.2388
7.2406
7.2424
7.2442
7.2460
7.2477
7.2495
7.2513
7.2531
7.2548
7.2566
7.2584
7.2602
7.2619
7.2637
7.2655
7.2673
7.2691
7.2708
7.2726
7.2744
7.2762
7.2779
7.2797
7.2815
7.2833
7.2850
7.2868
7.2886
7.2904
7.2922
7.2939
7.2957
7.2975
7.2993
7.3010
7.3028
7.3046
7.3064
7.3081
7.3099
7.3117
7.3135
7.3153
7.3170
7.3188
7.3206
7.3224
7.3241
7.3259
7.3277
7.3295
7.3312
7.3330
7.3348
7.3366
7.3383
7.3401
7.3419
7.3437
7.3455
7.3472
7.3490
7.3508
7.3526
7.3543
7.3561
7.3579
7.3597
7.3614
7.3632
7.3650
7.3668
7.3686
7.3703
7.3721
7.3739
7.3757
7.3774
7.3792
7.3810
7.3828
7.3845
7.3863
7.3881
7.3899
7.3917
7.3934
7.3952
7.3970
7.3988
7.4005
7.4023
7.4041
7.4059
7.4076
7.4094
7.4112
7.4112
7.4130
7.4148
7.4166
7.4185
7.4204
7.4224
7.4243
7.4264
7.4284
7.4305
7.4326
7.4347
7.4368
7.4390
7.4412
7.4435
7.4457
7.4480
7.4503
7.4526
7.4550
7.4573
7.4597
7.4621
7.4645
7.4670
7.4694
7.4719
7.4744
7.4769
7.4794
7.4819
7.4845
7.4870
7.4896
7.4921
7.4947
7.4973
7.4999
7.5024
7.5050
7.5076
7.5102
7.5128
7.5128
7.5154
7.5180
7.5206
7.5232
7.5258
7.5284
7.5310
7.5336
7.5362
7.5388
7.5414
7.5440
7.5466
7.5492
7.5518
7.5544
7.5570
7.5596
7.5622
7.5648
7.5674
7.5700
7.5726
7.5752
7.5778
7.5804
7.5830
7.5856
7.5882
7.5908
7.5934
7.5960
7.5986
7.6012
7.6038
7.6064
7.6090
7.6116
7.6142
7.6168
7.6194
7.6220
7.6246
7.6272
7.6298
7.6324
7.6350
7.6376
7.6402
7.6428
7.6454
7.6480
7.6506
7.6532
7.6558
7.6584
7.6610
7.6636
7.6662
7.6688
7.6714
7.6740
7.6766
7.6792
7.6818
7.6844
7.6870
7.6896
7.6922
7.6948
7.6974
7.7000
7.7026
7.7052
7.7078
7.7104
7.7130
7.7156
7.7182
7.7208
7.7234
7.7260
7.7286
7.7312
7.7338
7.7364
7.7390
7.7416
7.7442
7.7468
7.7494
7.7520
7.7546
7.7572
7.7598
7.7624
7.7650
7.7676
7.7702
7.7728
7.7728
7.7754
7.7780
7.7806
7.7832
7.7858
7.7884
7.7910
7.7936
7.7962
7.7988
7.8014
7.8040
7.8066
7.8092
7.8118
7.8144
7.8170
7.8196
7.8222
7.8248
7.8274
7.8300
7.8326
7.8352
7.8378
7.8404
7.8430
7.8456
7.8482
7.8508
7.8534
7.8560
7.8586
7.8612
7.8638
7.8664
7.8690
7.8716
7.8742
7.8768
7.8794
7.8820
7.8846
7.8872
7.8898
7.8924
7.8950
7.8976
7.9002
7.9028
7.9054
7.9080
7.9106
7.9132
7.9158
7.9184
7.9210
7.9236
7.9262
7.9288
7.9314
7.9340
7.9366
7.9392
7.9418
7.9444
7.9470
7.9496
7.9522
7.9548
7.9574
7.9600
7.9626
7.9652
7.9678
7.9704
7.9730
7.9756
7.9782
7.9808
7.9834
7.9860
7.9886
7.9912
7.9938
7.9964
7.9990
8.0016
8.0042
8.0068
8.0094
8.0120
8.0146
8.0172
8.0198
8.0224
8.0250
8.0276
8.0302
8.0328
8.0328
8.0354
8.0380
8.0406
8.0432
8.0458
8.0484
8.0510
8.0536
8.0562
8.0588
8.0614
8.0640
8.0666
8.0692
8.0718
8.0744
8.0770
8.0796
8.0822
8.0848
8.0874
8.0900
8.0926
8.0952
8.0978
8.1004
8.1030
8.1056
8.1082
8.1108
8.1134
8.1160
8.1186
8.1212
8.1238
8.1264
8.1290
8.1316
8.1342
8.1368
8.1394
8.1420
8.1446
8.1472
8.1498
8.1524
8.1550
8.1576
8.1602
8.1628
8.1654
8.1680
8.1706
8.1732
8.1758
8.1784
8.1810
8.1836
8.1862
8.1888
8.1914
8.1940
8.1966
8.1992
8.2018
8.2044
8.2070
8.2096
8.2122
8.2148
8.2174
8.2200
8.2226
8.2252
8.2278
8.2304
8.2330
8.2356
8.2382
8.2408
8.2434
8.2460
8.2486
8.2512
8.2538
8.2564
8.2590
8.2616
8.2642
8.2668
8.2694
8.2720
8.2746
8.2772
8.2798
8.2824
8.2850
8.2876
8.2902
8.2928
8.2928
8.2954
8.2980
8.3006
8.3032
8.3058
8.3084
8.3110
8.3136
8.3162
8.3188
8.3214
8.3240
8.3266
8.3292
8.3318
8.3344
8.3370
8.3396
8.3422
8.3448
8.3474
8.3500
8.3526
8.3552
8.3578
8.3604
8.3630
8.3656
8.3682
8.3708
8.3734
8.3760
8.3786
8.3812
8.3838
8.3864
8.3890
8.3916
8.3942
8.3968
8.3994
8.4020
8.4046
8.4072
8.4098
8.4124
8.4150
8.4176
8.4202
8.4228
8.4254
8.4280
8.4306
8.4332
8.4358
8.4384
8.4410
8.4436
8.4462
8.4488
8.4514
8.4540
8.4566
8.4592
8.4618
8.4644
8.4670
8.4696
8.4722
8.4748
8.4774
8.4800
8.4826
8.4852
8.4878
8.4904
8.4930
8.4956
8.4982
8.5008
8.5034
8.5060
8.5086
8.5112
8.5138
8.5164
8.5190
8.5216
8.5242
8.5268
8.5294
8.5320
8.5346
8.5372
8.5398
8.5424
8.5450
8.5476
8.5502
8.5528
8.5528
8.5554
8.5580
8.5606
8.5632
8.5658
8.5684
8.5710
8.5736
8.5762
8.5788
8.5814
8.5840
8.5866
8.5892
8.5918
8.5944
8.5970
8.5996
8.6022
8.6048
8.6074
8.6100
8.6126
8.6152
8.6178
8.6204
8.6230
8.6256
8.6282
8.6308
8.6334
8.6360
8.6386
8.6412
8.6438
8.6464
8.6490
8.6516
8.6542
8.6568
8.6594
8.6620
8.6646
8.6672
8.6698
8.6724
8.6750
8.6776
8.6802
8.6828
8.6854
8.6880
8.6906
8.6932
8.6958
8.6984
8.7010
8.7036
8.7062
8.7088
8.7114
8.7140
8.7166
8.7192
8.7218
8.7244
8.7270
8.7296
8.7322
8.7348
8.7374
8.7400
8.7426
8.7452
8.7478
8.7504
8.7530
8.7556
8.7582
8.7608
8.7634
8.7660
8.7686
8.7712
8.7738
8.7764
8.7790
8.7816
8.7842
8.7868
8.7894
8.7920
8.7946
8.7972
8.7998
8.8024
8.8050
8.8076
8.8102
8.8128
8.8128
8.8154
8.8180
8.8206
8.8232
8.8258
8.8284
8.8310
8.8336
8.8361
8.8387
8.8413
8.8438
8.8463
8.8489
8.8514
8.8539
8.8564
8.8588
8.8613
8.8637
8.8662
8.8686
8.8709
8.8733
8.8757
8.8780
8.8803
8.8826
8.8848
8.8870
8.8892
8.8914
8.8936
8.8957
8.8978
8.8999
8.9019
8.9039
8.9059
8.9078
8.9098
8.9116
8.9135
8.9153
8.9153
8.9171
8.9188
8.9205
8.9222
8.9238
8.9254
8.9270
8.9285
8.9300
8.9314
8.9328
8.9341
8.9355
8.9367
8.9379
8.9391
8.9403
8.9414
8.9424
8.9434
8.9444
8.9453
8.9462
8.9470
8.9478
8.9486
8.9492
8.9499
8.9505
8.9510
8.9515
8.9520
8.9524
8.9528
8.9531
8.9533
8.9535
8.9537
8.9538
8.9539
8.9539
8.9539
8.9538
8.9537
8.9537
8.9563
8.9588
8.9614
8.9640
8.9665
8.9691
8.9717
8.9742
8.9768
8.9794
8.9820
8.9845
8.9871
8.9897
8.9922
8.9948
8.9974
8.9999
