1.0000
1.0000
1.0000
1.0000
1.0000
1.0000
1.0000
1.0000
1.0000
1.0000
1.0000
1.0000
1.0000
1.0000
1.0000
1.0000
1.0000
1.0000
1.0000
1.0000
1.0000
1.0000
1.0000
1.0000
1.0000
1.0000
1.0000
1.0000
1.0000
1.0000
1.0000
1.0000
1.0000
1.0000
1.0000
1.0000
1.0000
1.0000
1.0000
1.0000
1.0000
1.0000
1.0000
1.0000
1.0000
1.0000
1.0000
1.0000
1.0000
1.0000
1.0000
1.0000
1.0000
1.0000
1.0000
1.0000
1.0000
1.0000
1.0000
1.0000
1.0000
1.0000
1.0000
1.0000
1.0000
1.0000
1.0000
1.0000
1.0000
1.0000
1.0000
1.0000
1.0000
1.0000
1.0000
1.0000
1.0000
1.0000
1.0000
1.0000
1.0000
1.0000
1.0000
1.0000
1.0000
1.0000
1.0000
1.0000
1.0000
1.0000
1.0000
1.0000
1.0000
1.0000
1.0000
1.0000
1.0000
1.0000
1.0000
1.0000
1.0000
1.0000
1.0000
1.0000
1.0000
1.0000
1.0000
1.0000
1.0000
1.0000
1.0000
1.0000
1.0000
1.0000
1.0000
1.0000
1.0000
1.0000
1.0000
1.0000
1.0000
1.0000
1.0000
1.0000
1.0000
1.0000
1.0000
1.0000
1.0000
1.0000
1.0000
1.0000
1.0000
1.0000
1.0000
1.0000
1.0000
1.0000
1.0000
1.0000
1.0000
1.0000
1.0000
1.0000
1.0000
1.0000
1.0000
1.0000
1.0000
1.0000
1.0000
1.0000
1.0000
1.0000
1.0000
1.0000
1.0000
1.0000
1.0000
1.0000
1.0000
1.0000
1.0000
1.0000
1.0000
1.0000
1.0000
1.0000
1.0000
1.0000
1.0000
1.0000
1.0000
1.0000
1.0000
1.0000
1.0000
1.0000
1.0000
1.0000
1.0000
1.0000
1.0000
1.0000
1.0000
1.0000
1.0000
1.0000
1.0000
1.0000
1.0000
1.0000
1.0000
1.0000
1.0000
1.0000
1.0000
1.0000
1.0000
1.0000
1.0000
1.0000
1.0000
1.0000
1.0000
1.0000
1.0000
1.0000
1.0000
1.0000
1.0000
1.0000
1.0000
1.0000
1.0000
1.0000
1.0000
1.0000
1.0000
1.0000
1.0000
1.0000
1.0000
1.0000
1.0000
1.0000
1.0000
1.0000
1.0000
1.0000
1.0000
1.0000
1.0000
1.0000
1.0000
1.0000
1.0000
1.0000
1.0000
1.0000
1.0000
1.0000
1.0000
1.0000
1.0000
1.0000
1.0000
1.0000
1.0000
1.0000
1.0000
1.0000
1.0000
1.0000
1.0000
1.0000
1.0000
1.0000
1.0000
1.0000
1.0000
1.0000
1.0000
1.0000
1.0000
1.0000
1.0000
1.0000
1.0000
1.0000
1.0000
1.0000
1.0000
1.0000
1.0000
1.0000
1.0000
1.0000
1.0000
1.0000
1.0000
1.0000
1.0000
1.0000
1.0000
1.0000
1.0000
1.0000
1.0000
1.0000
1.0000
1.0000
1.0000
1.0000
1.0000
1.0000
1.0000
1.0000
1.0000
1.0000
1.0000
1.0000
1.0000
1.0000
1.0000
1.0000
1.0000
1.0000
1.0000
1.0000
1.0000
1.0000
1.0000
1.0000
1.0000
1.0000
1.0000
1.0000
1.0000
1.0000
1.0000
1.0000
1.0000
1.0000
1.0000
1.0000
1.0000
1.0000
1.0000
1.0000
1.0000
1.0000
1.0000
1.0000
1.0000
1.0000
1.0000
1.0000
1.0000
1.0000
1.0000
1.0000
1.0000
1.0000
1.0000
1.0000
1.0000
1.0000
1.0000
1.0000
1.0000
1.0000
1.0000
1.0000
1.0000
1.0000
1.0000
1.0000
1.0000
1.0000
1.0000
1.0000
1.0000
1.0000
1.0000
1.0000
1.0000
1.0000
1.0000
1.0000
1.0000
1.0000
1.0000
1.0000
1.0000
1.0000
1.0000
1.0000
1.0000
1.0000
1.0000
1.0000
1.0000
1.0000
1.0000
1.0000
1.0000
1.0000
1.0000
1.0000
1.0000
1.0000
1.0000
1.0000
1.0000
1.0000
1.0000
1.0000
1.0000
1.0000
1.0000
1.0000
1.0000
1.0000
1.0000
1.0000
1.0000
1.0000
1.0000
1.0000
1.0000
1.0000
1.0000
1.0000
1.0000
1.0000
1.0000
1.0000
1.0000
1.0000
1.0000
1.0000
1.0000
1.0000
1.0000
1.0000
1.0000
1.0000
1.0000
1.0000
1.0000
1.0000
1.0000
1.0000
1.0000
1.0000
1.0000
1.0000
1.0000
1.0000
1.0000
1.0000
1.0000
1.0000
1.0000
1.0000
1.0000
1.0000
1.0000
1.0000
1.0000
1.0000
1.0000
1.0000
1.0000
1.0000
1.0000
1.0000
1.0000
1.0000
1.0000
1.0000
1.0000
1.0000
1.0000
1.0000
1.0000
1.0000
1.0000
1.0000
1.0000
1.0000
1.0000
1.0000
1.0000
1.0000
1.0000
1.0000
1.0000
1.0000
1.0000
1.0000
1.0000
1.0000
1.0000
1.0000
1.0000
1.0000
1.0000
1.0000
1.0000
1.0000
1.0000
1.0000
1.0000
1.0000
1.0000
1.0000
1.0000
1.0000
1.0000
1.0000
1.0000
1.0000
1.0000
1.0000
1.0000
1.0000
1.0000
1.0000
1.0000
1.0000
1.0000
1.0000
1.0000
1.0000
1.0000
1.0000
1.0000
1.0000
1.0000
1.0000
1.0000
1.0000
1.0000
1.0000
1.0000
1.0000
1.0000
1.0000
1.0000
1.0000
1.0000
1.0000
1.0000
1.0000
1.0000
1.0000
1.0000
1.0000
1.0000
1.0000
1.0000
1.0000
1.0000
1.0000
1.0000
1.0000
1.0000
1.0000
1.0000
1.0000
1.0000
1.0000
1.0000
1.0000
1.0000
1.0000
1.0000
1.0000
1.0000
1.0000
1.0000
1.0000
1.0000
1.0000
1.0000
1.0000
1.0000
1.0000
1.0000
1.0000
1.0000
1.0000
1.0000
1.0000
1.0000
1.0000
1.0000
1.0000
1.0000
1.0000
1.0000
1.0000
1.0000
1.0000
1.0000
1.0000
1.0000
1.0000
1.0000
1.0000
1.0000
1.0000
1.0000
1.0000
1.0000
1.0000
1.0000
1.0000
1.0000
1.0000
1.0000
1.0000
1.0000
1.0000
1.0000
1.0000
1.0000
0.9999
0.9997
0.9995
0.9993
0.9990
0.9986
0.9983
0.9978
0.9973
0.9968
0.9962
0.9956
0.9950
0.9942
0.9935
0.9927
0.9918
0.9909
0.9900
0.9890
0.9879
0.9869
0.9857
0.9846
0.9834
0.9821
0.9808
0.9795
0.9781
0.9767
0.9752
0.9737
0.9722
0.9706
0.9690
0.9674
0.9657
0.9639
0.9622
0.9604
0.9586
0.9567
0.9567
0.9548
0.9529
0.9511
0.9493
0.9475
0.9458
0.9441
0.9425
0.9409
0.9393
0.9378
0.9363
0.9348
0.9334
0.9320
0.9307
0.9294
0.9281
0.9269
0.9257
0.9246
0.9235
0.9225
0.9215
0.9206
0.9197
0.9188
0.9180
0.9173
0.9165
0.9159
0.9152
0.9147
0.9141
0.9137
0.9132
0.9128
0.9125
0.9122
0.9120
0.9118
0.9116
0.9115
0.9115
0.9115
0.9115
0.9115
0.9116
0.9118
0.9120
0.9122
0.9125
0.9128
0.9132
0.9137
0.9141
0.9147
0.9152
0.9159
0.9165
0.9173
0.9180
0.9188
0.9197
0.9206
0.9215
0.9225
0.9235
0.9246
0.9257
0.9269
0.9281
0.9294
0.9307
0.9320
0.9334
0.9348
0.9363
0.9378
0.9393
0.9409
0.9425
0.9441
0.9458
0.9475
0.9493
0.9511
0.9529
0.9548
0.9548
0.9567
0.9586
0.9604
0.9622
0.9639
0.9657
0.9674
0.9690
0.9706
0.9722
0.9737
0.9752
0.9767
0.9781
0.9795
0.9808
0.9821
0.9834
0.9846
0.9857
0.9869
0.9879
0.9890
0.9900
0.9909
0.9918
0.9927
0.9935
0.9942
0.9950
0.9956
0.9962
0.9968
0.9973
0.9978
0.9983
0.9986
0.9990
0.9993
0.9995
0.9997
0.9999
1.0000
1.0000
1.0000
1.0000
1.0000
1.0000
1.0000
1.0000
1.0000
1.0000
1.0000
1.0000
1.0000
1.0000
1.0000
1.0000
1.0000
1.0000
1.0000
1.0000
1.0000
1.0000
1.0000
1.0000
1.0000
1.0000
1.0000
1.0000
1.0000
1.0000
1.0000
1.0000
1.0000
1.0000
1.0000
1.0000
1.0000
1.0000
1.0000
1.0000
1.0000
1.0000
1.0000
1.0000
1.0000
1.0000
1.0000
1.0000
1.0000
1.0000
1.0000
1.0000
1.0000
1.0000
1.0000
1.0000
1.0000
1.0000
1.0000
1.0000
1.0000
1.0000
1.0000
1.0000
1.0000
1.0000
1.0000
1.0000
1.0000
1.0000
1.0000
1.0000
1.0000
1.0000
1.0000
1.0000
1.0000
1.0000
1.0000
1.0000
1.0000
1.0000
1.0000
1.0000
1.0000
1.0000
1.0000
1.0000
1.0000
1.0000
1.0000
1.0000
1.0000
1.0000
1.0000
1.0000
1.0000
1.0000
1.0000
1.0000
1.0000
1.0000
1.0000
1.0000
1.0000
1.0000
1.0001
1.0003
1.0005
1.0007
1.0010
1.0014
1.0017
1.0022
1.0027
1.0032
1.0038
1.0044
1.0050
1.0058
1.0065
1.0073
1.0082
1.0091
1.0100
1.0110
1.0121
1.0131
1.0143
1.0154
1.0166
1.0179
1.0192
1.0205
1.0219
1.0233
1.0248
1.0263
1.0278
1.0294
1.0310
1.0326
1.0343
1.0361
1.0378
1.0396
1.0414
1.0433
1.0433
1.0452
1.0471
1.0489
1.0507
1.0525
1.0542
1.0559
1.0575
1.0591
1.0607
1.0622
1.0637
1.0652
1.0666
1.0680
1.0693
1.0706
1.0719
1.0731
1.0743
1.0754
1.0765
1.0775
1.0785
1.0794
1.0803
1.0812
1.0820
1.0827
1.0835
1.0841
1.0848
1.0853
1.0859
1.0863
1.0868
1.0872
1.0875
1.0878
1.0880
1.0882
1.0884
1.0885
1.0885
1.0885
1.0885
1.0885
1.0885
1.0885
1.0885
1.0885
1.0885
1.0885
1.0885
1.0885
1.0885
1.0885
1.0885
1.0885
1.0885
1.0885
1.0885
1.0885
1.0885
1.0885
1.0885
1.0885
1.0885
1.0885
1.0885
1.0885
1.0885
1.0885
1.0885
1.0885
1.0885
1.0885
1.0885
1.0885
1.0885
1.0885
1.0885
1.0885
1.0885
1.0885
1.0885
1.0885
1.0885
1.0885
1.0885
1.0885
1.0885
1.0885
1.0885
1.0885
1.0885
1.0885
1.0885
1.0885
1.0885
1.0885
1.0885
1.0885
1.0885
1.0885
1.0885
1.0885
1.0885
1.0885
1.0885
1.0885
1.0885
1.0885
1.0885
1.0885
1.0885
1.0885
1.0885
1.0885
1.0885
1.0885
1.0885
1.0885
1.0885
1.0885
1.0885
1.0885
1.0885
1.0885
1.0885
1.0885
1.0885
1.0885
1.0885
1.0885
1.0885
1.0885
1.0885
1.0885
1.0885
1.0885
1.0885
1.0885
1.0885
1.0885
1.0885
1.0885
1.0885
1.0884
1.0882
1.0880
1.0878
1.0875
1.0872
1.0868
1.0863
1.0859
1.0853
1.0848
1.0841
1.0835
1.0827
1.0820
1.0812
1.0803
1.0794
1.0785
1.0775
1.0765
1.0754
1.0743
1.0731
1.0719
1.0706
1.0693
1.0680
1.0666
1.0652
1.0637
1.0622
1.0607
1.0591
1.0575
1.0559
1.0542
1.0525
1.0507
1.0489
1.0471
1.0452
1.0452
1.0433
1.0414
1.0396
1.0378
1.0361
1.0343
1.0326
1.0310
1.0294
1.0278
1.0263
1.0248
1.0233
1.0219
1.0205
1.0192
1.0179
1.0166
1.0154
1.0143
1.0131
1.0121
1.0110
1.0100
1.0091
1.0082
1.0073
1.0065
1.0058
1.0050
1.0044
1.0038
1.0032
1.0027
1.0022
1.0017
1.0014
1.0010
1.0007
1.0005
1.0003
1.0001
1.0000
1.0000
1.0000
1.0000
1.0000
1.0000
1.0000
1.0000
1.0000
1.0000
1.0000
1.0000
1.0000
1.0000
1.0000
1.0000
1.0000
1.0000
1.0000
1.0000
1.0000
1.0000
1.0000
1.0000
1.0000
1.0000
1.0000
1.0000
1.0000
1.0000
1.0000
1.0000
1.0000
1.0000
1.0000
1.0000
1.0000
1.0000
1.0000
1.0000
1.0000
1.0000
1.0000
1.0000
1.0000
1.0000
1.0000
1.0000
1.0000
1.0000
1.0000
1.0000
1.0000
1.0000
1.0000
1.0000
1.0000
1.0000
1.0000
1.0000
1.0000
1.0000
1.0000
1.0000
1.0000
1.0000
1.0000
1.0000
1.0000
1.0000
1.0000
1.0000
1.0000
1.0000
1.0000
1.0000
1.0000
1.0000
1.0000
1.0000
1.0000
1.0000
1.0000
1.0000
1.0000
1.0000
1.0000
1.0000
1.0000
1.0000
1.0000
1.0000
1.0000
1.0000
1.0000
1.0000
1.0000
1.0000
1.0000
1.0000
1.0000
1.0000
1.0000
1.0000
1.0000
1.0000
1.0000
1.0000
1.0000
1.0000
1.0000
1.0000
1.0000
1.0000
1.0000
1.0000
1.0000
1.0000
1.0000
1.0000
1.0000
1.0000
1.0000
1.0000
1.0000
1.0000
1.0000
1.0000
1.0000
1.0000
1.0000
1.0000
1.0000
1.0000
1.0000
1.0000
1.0000
1.0000
1.0000
1.0000
1.0000
1.0000
1.0000
1.0000
1.0000
1.0000
1.0000
1.0000
1.0000
1.0000
1.0000
1.0000
1.0000
1.0000
1.0000
1.0000
1.0000
1.0000
1.0000
1.0000
1.0000
1.0000
1.0000
1.0000
1.0000
1.0000
1.0000
1.0000
1.0000
1.0000
1.0000
1.0000
1.0000
1.0000
1.0000
1.0000
1.0000
1.0000
1.0000
1.0000
1.0000
1.0000
1.0000
1.0000
1.0000
1.0000
1.0000
1.0000
1.0000
1.0000
1.0000
1.0000
1.0000
1.0000
1.0000
1.0000
1.0000
1.0000
1.0000
1.0000
1.0000
1.0000
1.0000
1.0000
1.0000
1.0000
1.0000
1.0000
1.0000
1.0000
1.0000
1.0000
1.0000
1.0000
1.0000
1.0000
1.0000
1.0000
1.0000
1.0000
1.0000
1.0000
1.0000
1.0000
1.0000
1.0000
1.0000
1.0000
1.0000
1.0000
1.0000
1.0000
1.0000
1.0000
1.0000
1.0000
1.0000
1.0000
1.0000
1.0000
1.0000
1.0000
1.0000
1.0000
1.0000
1.0000
1.0000
1.0000
1.0000
1.0000
1.0000
1.0000
1.0000
1.0000
1.0000
1.0000
1.0000
1.0000
1.0000
1.0000
1.0000
1.0000
1.0000
1.0000
1.0000
1.0000
1.0000
1.0000
1.0000
1.0000
1.0000
1.0000
1.0000
1.0000
1.0000
1.0000
1.0000
1.0000
1.0000
1.0000
1.0000
1.0000
1.0000
1.0000
1.0000
1.0000
1.0000
1.0000
1.0000
1.0000
1.0000
1.0000
1.0000
1.0000
1.0000
1.0000
1.0000
1.0000
1.0000
1.0000
1.0000
1.0000
1.0000
1.0000
1.0000
1.0000
1.0000
1.0000
1.0000
1.0000
1.0000
1.0000
1.0000
1.0000
1.0000
1.0000
1.0000
1.0000
1.0000
1.0000
1.0000
1.0000
1.0000
1.0000
1.0000
1.0000
1.0000
1.0000
1.0000
1.0000
1.0000
1.0000
1.0000
1.0000
1.0000
1.0000
1.0000
1.0000
1.0000
1.0000
1.0000
1.0000
1.0000
1.0000
1.0000
1.0000
1.0000
1.0000
1.0000
1.0000
1.0000
1.0000
1.0000
1.0000
1.0000
1.0000
1.0000
1.0000
1.0000
1.0000
1.0000
1.0000
1.0000
1.0000
1.0000
1.0000
1.0000
1.0000
1.0000
1.0000
1.0000
1.0000
1.0000
1.0000
1.0000
1.0000
1.0000
1.0000
1.0000
1.0000
1.0000
1.0000
1.0000
1.0000
1.0000
1.0000
1.0000
1.0000
1.0000
1.0000
1.0000
1.0000
1.0000
1.0000
1.0000
1.0000
1.0000
1.0000
1.0000
1.0000
1.0000
1.0000
1.0000
1.0000
1.0000
1.0000
1.0000
1.0000
1.0000
1.0000
1.0000
1.0000
1.0000
1.0000
1.0000
1.0000
1.0000
1.0000
1.0000
1.0000
1.0000
1.0000
1.0000
1.0000
1.0000
1.0000
1.0000
1.0000
1.0000
1.0000
1.0000
1.0000
1.0000
1.0000
1.0000
1.0000
1.0000
1.0000
1.0000
1.0000
1.0000
1.0000
1.0000
1.0000
1.0000
1.0000
1.0000
1.0000
1.0000
1.0000
1.0000
1.0000
1.0000
1.0000
1.0000
1.0000
1.0000
1.0000
1.0000
1.0000
1.0000
1.0000
1.0000
1.0000
1.0000
1.0000
1.0000
1.0000
1.0000
1.0000
1.0000
1.0000
1.0000
1.0000
1.0000
1.0000
1.0000
1.0000
1.0000
1.0000
1.0000
1.0000
1.0000
1.0000
1.0000
1.0000
1.0000
1.0000
1.0000
1.0000
1.0000
1.0000
1.0000
1.0000
1.0000
1.0000
1.0000
1.0000
1.0000
1.0000
1.0000
1.0000
1.0000
1.0000
1.0000
1.0000
1.0000
1.0000
1.0000
1.0000
1.0001
1.0003
1.0005
1.0007
1.0010
1.0014
1.0017
1.0022
1.0027
1.0032
1.0038
1.0044
1.0050
1.0058
1.0065
1.0073
1.0082
1.0091
1.0100
1.0110
1.0121
1.0131
1.0143
1.0154
1.0166
1.0179
1.0192
1.0205
1.0219
1.0233
1.0248
1.0263
1.0278
1.0294
1.0310
1.0326
1.0343
1.0361
1.0378
1.0396
1.0414
1.0433
1.0433
1.0452
1.0471
1.0491
1.0511
1.0531
1.0552
1.0573
1.0594
1.0615
1.0637
1.0659
1.0681
1.0703
1.0726
1.0749
1.0772
1.0795
1.0819
1.0843
1.0867
1.0891
1.0915
1.0940
1.0964
1.0989
1.1014
1.1039
1.1064
1.1090
1.1115
1.1141
1.1166
1.1192
1.1218
1.1243
1.1269
1.1295
1.1321
1.1347
1.1373
1.1399
1.1425
1.1451
1.1477
1.1477
1.1503
1.1529
1.1555
1.1581
1.1607
1.1633
1.1659
1.1685
1.1711
1.1736
1.1762
1.1788
1.1814
1.1840
1.1866
1.1892
1.1918
1.1944
1.1970
1.1996
1.2022
1.2048
1.2074
1.2100
1.2126
1.2152
1.2178
1.2203
1.2229
1.2255
1.2281
1.2307
1.2333
1.2359
1.2385
1.2411
1.2437
1.2463
1.2489
1.2515
1.2541
1.2567
1.2593
1.2619
1.2644
1.2670
1.2696
1.2722
1.2748
1.2774
1.2800
1.2826
1.2852
1.2878
1.2904
1.2930
1.2956
1.2982
1.3008
1.3034
1.3060
1.3086
1.3111
1.3137
1.3163
1.3189
1.3215
1.3241
1.3267
1.3293
1.3319
1.3345
1.3371
1.3397
1.3423
1.3449
1.3475
1.3501
1.3527
1.3553
1.3578
1.3604
1.3630
1.3656
1.3682
1.3708
1.3734
1.3760
1.3786
1.3812
1.3838
1.3864
1.3890
1.3916
1.3942
1.3968
1.3994
1.4019
1.4045
1.4071
1.4071
1.4097
1.4123
1.4149
1.4175
1.4201
1.4226
1.4252
1.4277
1.4303
1.4328
1.4353
1.4378
1.4403
1.4428
1.4453
1.4477
1.4501
1.4526
1.4549
1.4573
1.4597
1.4620
1.4643
1.4666
1.4689
1.4711
1.4733
1.4755
1.4777
1.4798
1.4819
1.4840
1.4861
1.4881
1.4901
1.4920
1.4940
1.4959
1.4977
1.4996
1.5014
1.5031
1.5048
1.5065
1.5065
1.5082
1.5098
1.5116
1.5133
1.5151
1.5169
1.5188
1.5207
1.5226
1.5246
1.5266
1.5286
1.5307
1.5327
1.5348
1.5370
1.5392
1.5413
1.5436
1.5458
1.5481
1.5504
1.5527
1.5550
1.5574
1.5597
1.5621
1.5645
1.5670
1.5694
1.5719
1.5744
1.5768
1.5794
1.5819
1.5844
1.5869
1.5895
1.5921
1.5946
1.5972
1.5998
1.6024
1.6049
1.6049
1.6075
1.6101
1.6127
1.6153
1.6179
1.6205
1.6231
1.6257
1.6283
1.6309
1.6335
1.6361
1.6387
1.6413
1.6439
1.6465
1.6491
1.6516
1.6542
1.6568
1.6594
1.6620
1.6646
1.6672
1.6698
1.6724
1.6750
1.6776
1.6802
1.6828
1.6854
1.6880
1.6906
1.6932
1.6958
1.6983
1.7009
1.7035
1.7061
1.7087
1.7113
1.7139
1.7165
1.7191
1.7217
1.7243
1.7269
1.7295
1.7321
1.7347
1.7373
1.7399
1.7424
1.7450
1.7476
1.7502
1.7528
1.7554
1.7580
1.7606
1.7632
1.7658
1.7684
1.7710
1.7736
1.7762
1.7788
1.7814
1.7840
1.7866
1.7891
1.7917
1.7943
1.7969
1.7995
1.8021
1.8047
1.8073
1.8099
1.8125
1.8151
1.8177
1.8203
1.8229
1.8255
1.8281
1.8307
1.8333
1.8358
1.8384
1.8410
1.8436
1.8462
1.8488
1.8514
1.8540
1.8566
1.8592
1.8618
1.8644
1.8644
1.8670
1.8696
1.8722
1.8747
1.8773
1.8799
1.8824
1.8850
1.8875
1.8901
1.8926
1.8951
1.8976
1.9000
1.9025
1.9050
1.9074
1.9098
1.9122
1.9146
1.9169
1.9193
1.9216
1.9239
1.9261
1.9284
1.9306
1.9328
1.9349
1.9371
1.9392
1.9413
1.9433
1.9453
1.9473
1.9493
1.9512
1.9531
1.9550
1.9568
1.9586
1.9604
1.9621
1.9638
1.9638
1.9654
1.9671
1.9688
1.9706
1.9724
1.9742
1.9761
1.9780
1.9799
1.9818
1.9838
1.9859
1.9879
1.9900
1.9921
1.9942
1.9964
1.9986
2.0008
2.0030
2.0053
2.0076
2.0099
2.0122
2.0146
2.0170
2.0194
2.0218
2.0242
2.0267
2.0291
2.0316
2.0341
2.0366
2.0391
2.0416
2.0442
2.0467
2.0493
2.0519
2.0544
2.0570
2.0596
2.0622
2.0622
2.0648
2.0674
2.0700
2.0726
2.0752
2.0778
2.0804
2.0830
2.0855
2.0881
2.0907
2.0933
2.0959
2.0985
2.1011
2.1037
2.1063
2.1089
2.1115
2.1141
2.1167
2.1193
2.1219
2.1245
2.1271
2.1296
2.1322
2.1348
2.1374
2.1400
2.1426
2.1452
2.1478
2.1504
2.1530
2.1556
2.1582
2.1608
2.1634
2.1660
2.1686
2.1712
2.1738
2.1763
2.1789
2.1815
2.1841
2.1867
2.1893
2.1919
2.1945
2.1971
2.1997
2.2023
2.2049
2.2075
2.2101
2.2127
2.2153
2.2179
2.2205
2.2230
2.2256
2.2282
2.2308
2.2334
2.2360
2.2386
2.2412
2.2438
2.2464
2.2490
2.2516
2.2542
2.2568
2.2594
2.2620
2.2646
2.2671
2.2697
2.2723
2.2749
2.2775
2.2801
2.2827
2.2853
2.2879
2.2905
2.2931
2.2957
2.2983
2.3009
2.3035
2.3061
2.3087
2.3113
2.3138
2.3164
2.3190
2.3216
2.3216
2.3242
2.3268
2.3294
2.3320
2.3346
2.3372
2.3398
2.3424
2.3450
2.3476
2.3502
2.3528
2.3554
2.3580
2.3605
2.3631
2.3657
2.3683
2.3709
2.3735
2.3761
2.3787
2.3813
2.3839
2.3865
2.3891
2.3917
2.3943
2.3969
2.3995
2.4021
2.4046
2.4072
2.4098
2.4124
2.4150
2.4176
2.4202
2.4228
2.4254
2.4280
2.4306
2.4332
2.4358
2.4384
2.4410
2.4436
2.4462
2.4488
2.4513
2.4539
2.4565
2.4591
2.4617
2.4643
2.4669
2.4695
2.4721
2.4747
2.4773
2.4799
2.4825
2.4851
2.4877
2.4903
2.4929
2.4955
2.4980
2.5006
2.5032
2.5058
2.5084
2.5110
2.5136
2.5162
2.5188
2.5214
2.5240
2.5266
2.5292
2.5318
2.5344
2.5370
2.5396
2.5421
2.5447
2.5473
2.5499
2.5525
2.5551
2.5577
2.5603
2.5629
2.5655
2.5681
2.5707
2.5733
2.5759
2.5785
2.5811
2.5811
2.5837
2.5863
2.5888
2.5914
2.5940
2.5966
2.5992
2.6018
2.6044
2.6070
2.6096
2.6122
2.6148
2.6174
2.6200
2.6226
2.6252
2.6278
2.6304
2.6330
2.6355
2.6381
2.6407
2.6433
2.6459
2.6485
2.6511
2.6537
2.6563
2.6589
2.6615
2.6641
2.6667
2.6693
2.6719
2.6745
2.6771
2.6796
2.6822
2.6848
2.6874
2.6900
2.6926
2.6952
2.6978
2.7004
2.7030
2.7056
2.7082
2.7108
2.7134
2.7160
2.7186
2.7212
2.7238
2.7263
2.7289
2.7315
2.7341
2.7367
2.7393
2.7419
2.7445
2.7471
2.7497
2.7523
2.7549
2.7575
2.7601
2.7627
2.7653
2.7679
2.7705
2.7730
2.7756
2.7782
2.7808
2.7834
2.7860
2.7886
2.7912
2.7938
2.7964
2.7990
2.8016
2.8042
2.8068
2.8094
2.8120
2.8146
2.8171
2.8197
2.8223
2.8249
2.8275
2.8301
2.8327
2.8353
2.8379
2.8405
2.8405
2.8431
2.8457
2.8483
2.8508
2.8534
2.8560
2.8586
2.8611
2.8636
2.8662
2.8687
2.8712
2.8737
2.8762
2.8786
2.8811
2.8835
2.8859
2.8883
2.8907
2.8930
2.8954
2.8977
2.9000
2.9022
2.9045
2.9067
2.9089
2.9111
2.9132
2.9153
2.9174
2.9194
2.9215
2.9234
2.9254
2.9273
2.9292
2.9311
2.9329
2.9347
2.9365
2.9382
2.9399
2.9399
2.9415
2.9432
2.9448
2.9465
2.9481
2.9498
2.9514
2.9531
2.9547
2.9564
2.9580
2.9597
2.9613
2.9629
2.9646
2.9662
2.9679
2.9695
2.9712
2.9728
2.9745
2.9761
2.9778
2.9794
2.9811
2.9827
2.9844
2.9860
2.9877
2.9893
2.9910
2.9926
2.9943
2.9959
2.9975
2.9992
3.0008
3.0025
3.0041
3.0058
3.0074
3.0091
3.0107
3.0124
3.0140
3.0157
3.0173
3.0190
3.0206
3.0223
3.0239
3.0256
3.0272
3.0289
3.0305
3.0322
3.0338
3.0354
3.0371
3.0387
3.0404
3.0420
3.0437
3.0453
3.0470
3.0486
3.0503
3.0519
3.0536
3.0552
3.0569
3.0585
3.0602
3.0618
3.0635
3.0651
3.0668
3.0684
3.0701
3.0717
3.0733
3.0750
3.0766
3.0783
3.0799
3.0816
3.0832
3.0849
3.0865
3.0882
3.0898
3.0915
3.0931
3.0948
3.0964
3.0981
3.0997
3.1014
3.1030
3.1047
3.1047
3.1063
3.1079
3.1095
3.1110
3.1125
3.1140
3.1154
3.1167
3.1181
3.1194
3.1206
3.1218
3.1230
3.1241
3.1252
3.1262
3.1272
3.1281
3.1290
3.1299
3.1307
3.1314
3.1322
3.1328
3.1334
3.1340
3.1345
3.1350
3.1354
3.1358
3.1361
3.1364
3.1367
3.1369
3.1370
3.1371
3.1371
3.1371
3.1371
3.1370
3.1368
3.1366
3.1364
3.1361
3.1361
3.1357
3.1354
3.1351
3.1347
3.1344
3.1340
3.1337
3.1333
3.1330
3.1327
3.1323
3.1320
3.1316
3.1313
3.1310
3.1306
3.1303
3.1299
3.1296
3.1292
3.1289
3.1286
3.1282
3.1279
3.1275
3.1272
3.1268
3.1265
3.1262
3.1258
3.1255
3.1251
3.1248
3.1245
3.1241
3.1238
3.1234
3.1231
3.1227
3.1224
3.1221
3.1217
3.1214
3.1210
3.1207
3.1203
3.1200
3.1197
3.1193
3.1190
3.1186
3.1183
3.1179
3.1176
3.1173
3.1169
3.1166
3.1162
3.1159
3.1156
3.1152
3.1149
3.1145
3.1142
3.1138
3.1135
3.1132
3.1128
3.1125
3.1121
3.1118
3.1114
3.1111
3.1108
3.1104
3.1101
3.1097
3.1094
3.1091
3.1087
3.1084
3.1080
3.1077
3.1073
3.1070
3.1067
3.1063
3.1060
3.1056
3.1053
3.1049
3.1046
3.1043
3.1039
3.1036
3.1032
3.1029
3.1025
3.1022
3.1019
3.1019
3.1015
3.1012
3.1010
3.1008
3.1006
3.1005
3.1005
3.1005
3.1005
3.1006
3.1008
3.1009
3.1012
3.1015
3.1018
3.1022
3.1026
3.1031
3.1036
3.1042
3.1048
3.1055
3.1062
3.1069
3.1077
3.1086
3.1095
3.1104
3.1114
3.1124
3.1135
3.1146
3.1158
3.1170
3.1182
3.1195
3.1209
3.1222
3.1236
3.1251
3.1266
3.1281
3.1297
3.1313
3.1313
3.1330
3.1346
3.1361
3.1377
3.1392
3.1406
3.1420
3.1434
3.1447
3.1460
3.1473
3.1485
3.1496
3.1508
3.1518
3.1529
3.1538
3.1548
3.1557
3.1565
3.1573
3.1581
3.1588
3.1595
3.1601
3.1607
3.1612
3.1617
3.1621
3.1625
3.1628
3.1631
3.1633
3.1635
3.1637
3.1637
3.1638
3.1638
3.1637
3.1636
3.1635
3.1633
3.1630
3.1627
3.1627
3.1624
3.1621
3.1617
3.1614
3.1610
3.1607
3.1603
3.1600
3.1597
3.1593
3.1590
3.1586
3.1583
3.1580
3.1576
3.1573
3.1569
3.1566
3.1562
3.1559
3.1556
3.1552
3.1549
3.1545
3.1542
3.1538
3.1535
3.1532
3.1528
3.1525
3.1521
3.1518
3.1514
3.1511
3.1508
3.1504
3.1501
3.1497
3.1494
3.1491
3.1487
3.1484
3.1480
3.1477
3.1473
3.1470
3.1467
3.1463
3.1460
3.1456
3.1453
3.1449
3.1446
3.1443
3.1439
3.1436
3.1432
3.1429
3.1426
3.1422
3.1419
3.1415
3.1412
3.1408
3.1405
3.1402
3.1398
3.1395
3.1391
3.1388
3.1384
3.1381
3.1378
3.1374
3.1371
3.1367
3.1364
3.1360
3.1357
3.1354
3.1350
3.1347
3.1343
3.1340
3.1337
3.1333
3.1330
3.1326
3.1323
3.1319
3.1316
3.1313
3.1309
3.1306
3.1302
3.1299
3.1295
3.1292
3.1289
3.1285
3.1285
3.1282
3.1279
3.1276
3.1274
3.1273
3.1272
3.1271
3.1271
3.1272
3.1273
3.1274
3.1276
3.1278
3.1281
3.1285
3.1288
3.1293
3.1297
3.1303
3.1308
3.1314
3.1321
3.1328
3.1336
3.1344
3.1352
3.1361
3.1371
3.1381
3.1391
3.1402
3.1413
3.1424
3.1436
3.1449
3.1462
3.1475
3.1489
3.1503
3.1518
3.1532
3.1548
3.1564
3.1580
3.1580
3.1596
3.1613
3.1630
3.1648
3.1666
3.1684
3.1703
3.1722
3.1741
3.1760
3.1780
3.1801
3.1821
3.1842
3.1863
3.1884
3.1906
3.1928
3.1950
3.1973
3.1995
3.2018
3.2041
3.2065
3.2088
3.2112
3.2136
3.2160
3.2184
3.2209
3.2233
3.2258
3.2283
3.2308
3.2333
3.2358
3.2384
3.2409
3.2435
3.2461
3.2486
3.2512
3.2538
3.2564
3.2564
3.2590
3.2616
3.2642
3.2668
3.2694
3.2720
3.2746
3.2772
3.2798
3.2824
3.2849
3.2875
3.2901
3.2926
3.2952
3.2977
3.3003
3.3028
3.3053
3.3078
3.3103
3.3127
3.3152
3.3176
3.3200
3.3224
3.3248
3.3271
3.3295
3.3318
3.3341
3.3364
3.3386
3.3408
3.3430
3.3452
3.3473
3.3494
3.3515
3.3536
3.3556
3.3576
3.3596
3.3615
3.3615
3.3634
3.3653
3.3672
3.3691
3.3710
3.3729
3.3748
3.3767
3.3786
3.3805
3.3824
3.3843
3.3862
3.3881
3.3900
3.3919
3.3938
3.3957
3.3976
3.3995
3.4014
3.4032
3.4051
3.4070
3.4089
3.4108
3.4127
3.4146
3.4165
3.4184
3.4203
3.4222
3.4241
3.4260
3.4279
3.4298
3.4317
3.4336
3.4355
3.4374
3.4393
3.4412
3.4431
3.4450
3.4469
3.4488
3.4507
3.4526
3.4545
3.4564
3.4583
3.4602
3.4621
3.4640
3.4659
3.4678
3.4697
3.4716
3.4735
3.4754
3.4773
3.4792
3.4811
3.4830
3.4849
3.4868
3.4887
3.4906
3.4925
3.4944
3.4963
3.4982
3.5001
3.5020
3.5039
3.5057
3.5076
3.5095
3.5114
3.5133
3.5152
3.5171
3.5190
3.5209
3.5228
3.5247
3.5266
3.5285
3.5304
3.5323
3.5342
3.5361
3.5380
3.5399
3.5418
3.5437
3.5456
3.5475
3.5494
3.5513
3.5513
3.5532
3.5551
3.5570
3.5589
3.5608
3.5627
3.5646
3.5665
3.5684
3.5703
3.5722
3.5741
3.5760
3.5779
3.5798
3.5817
3.5836
3.5855
3.5874
3.5893
3.5912
3.5931
3.5950
3.5969
3.5988
3.6007
3.6026
3.6045
3.6063
3.6082
3.6101
3.6120
3.6139
3.6158
3.6177
3.6196
3.6215
3.6234
3.6253
3.6272
3.6291
3.6310
3.6329
3.6348
3.6367
3.6386
3.6405
3.6424
3.6443
3.6462
3.6481
3.6500
3.6519
3.6538
3.6557
3.6576
3.6595
3.6614
3.6633
3.6652
3.6671
3.6690
3.6709
3.6728
3.6747
3.6766
3.6785
3.6804
3.6823
3.6842
3.6861
3.6880
3.6899
3.6918
3.6937
3.6956
3.6975
3.6994
3.7013
3.7032
3.7051
3.7070
3.7088
3.7107
3.7126
3.7145
3.7164
3.7183
3.7202
3.7221
3.7240
3.7259
3.7278
3.7297
3.7316
3.7335
3.7354
3.7373
3.7392
3.7411
3.7411
3.7430
3.7449
3.7469
3.7489
3.7509
3.7530
3.7551
3.7572
3.7593
3.7615
3.7637
3.7659
3.7681
3.7704
3.7727
3.7750
3.7774
3.7797
3.7821
3.7845
3.7869
3.7893
3.7918
3.7942
3.7967
3.7992
3.8017
3.8042
3.8068
3.8093
3.8119
3.8144
3.8170
3.8196
3.8221
3.8247
3.8273
3.8299
3.8325
3.8351
3.8377
3.8403
3.8429
3.8455
3.8455
3.8481
3.8507
3.8533
3.8559
3.8584
3.8610
3.8636
3.8661
3.8687
3.8712
3.8737
3.8762
3.8787
3.8812
3.8836
3.8861
3.8885
3.8909
3.8933
3.8957
3.8981
3.9004
3.9027
3.9050
3.9073
3.9095
3.9117
3.9139
3.9161
3.9182
3.9203
3.9224
3.9245
3.9265
3.9285
3.9304
3.9324
3.9342
3.9361
3.9379
3.9397
3.9415
3.9432
3.9449
3.9449
3.9465
3.9482
3.9498
3.9515
3.9531
3.9548
3.9564
3.9581
3.9597
3.9614
3.9630
3.9647
3.9663
3.9680
3.9696
3.9713
3.9729
3.9746
3.9762
3.9778
3.9795
3.9811
3.9828
3.9844
3.9861
3.9877
3.9894
3.9910
3.9927
3.9943
3.9960
3.9976
3.9993
4.0009
4.0026
4.0042
4.0059
4.0075
4.0092
4.0108
4.0125
4.0141
4.0157
4.0174
4.0190
4.0207
4.0223
4.0240
4.0256
4.0273
4.0289
4.0306
4.0322
4.0339
4.0355
4.0372
4.0388
4.0405
4.0421
4.0438
4.0454
4.0471
4.0487
4.0503
4.0520
4.0536
4.0553
4.0569
4.0586
4.0602
4.0619
4.0635
4.0652
4.0668
4.0685
4.0701
4.0718
4.0734
4.0751
4.0767
4.0784
4.0800
4.0817
4.0833
4.0850
4.0866
4.0882
4.0899
4.0915
4.0932
4.0948
4.0965
4.0981
4.0998
4.1014
4.1031
4.1047
4.1064
4.1080
4.1097
4.1097
4.1113
4.1130
4.1147
4.1165
4.1183
4.1201
4.1220
4.1239
4.1258
4.1277
4.1297
4.1318
4.1338
4.1359
4.1380
4.1401
4.1423
4.1445
4.1467
4.1490
4.1512
4.1535
4.1558
4.1582
4.1605
4.1629
4.1653
4.1677
4.1701
4.1726
4.1750
4.1775
4.1800
4.1825
4.1850
4.1876
4.1901
4.1926
4.1952
4.1978
4.2003
4.2029
4.2055
4.2081
4.2081
4.2107
4.2133
4.2159
4.2185
4.2210
4.2236
4.2262
4.2287
4.2312
4.2338
4.2363
4.2388
4.2413
4.2438
4.2462
4.2487
4.2511
4.2535
4.2559
4.2583
4.2606
4.2630
4.2653
4.2676
4.2698
4.2721
4.2743
4.2765
4.2787
4.2808
4.2829
4.2850
4.2870
4.2891
4.2911
4.2930
4.2949
4.2968
4.2987
4.3005
4.3023
4.3041
4.3058
4.3075
4.3075
4.3091
4.3108
4.3125
4.3143
4.3161
4.3179
4.3198
4.3217
4.3236
4.3256
4.3275
4.3296
4.3316
4.3337
4.3358
4.3380
4.3401
4.3423
4.3445
4.3468
4.3490
4.3513
4.3536
4.3560
4.3583
4.3607
4.3631
4.3655
4.3679
4.3704
4.3728
4.3753
4.3778
4.3803
4.3828
4.3854
4.3879
4.3905
4.3930
4.3956
4.3982
4.4007
4.4033
4.4059
4.4059
4.4085
4.4111
4.4137
4.4163
4.4189
4.4215
4.4241
4.4267
4.4293
4.4319
4.4345
4.4370
4.4396
4.4422
4.4448
4.4474
4.4500
4.4526
4.4552
4.4578
4.4604
4.4630
4.4656
4.4682
4.4708
4.4734
4.4760
4.4786
4.4812
4.4837
4.4863
4.4889
4.4915
4.4941
4.4967
4.4993
4.5019
4.5045
4.5071
4.5097
4.5123
4.5149
4.5175
4.5201
4.5227
4.5253
4.5278
4.5304
4.5330
4.5356
4.5382
4.5408
4.5434
4.5460
4.5486
4.5512
4.5538
4.5564
4.5590
4.5616
4.5642
4.5668
4.5694
4.5720
4.5745
4.5771
4.5797
4.5823
4.5849
4.5875
4.5901
4.5927
4.5953
4.5979
4.6005
4.6031
4.6057
4.6083
4.6109
4.6135
4.6161
4.6187
4.6212
4.6238
4.6264
4.6290
4.6316
4.6342
4.6368
4.6394
4.6420
4.6446
4.6472
4.6498
4.6524
4.6550
4.6576
4.6602
4.6628
4.6653
4.6653
4.6679
4.6705
4.6731
4.6757
4.6783
4.6809
4.6835
4.6861
4.6887
4.6913
4.6939
4.6965
4.6991
4.7017
4.7043
4.7069
4.7095
4.7120
4.7146
4.7172
4.7198
4.7224
4.7250
4.7276
4.7302
4.7328
4.7354
4.7380
4.7406
4.7432
4.7458
4.7484
4.7510
4.7536
4.7562
4.7587
4.7613
4.7639
4.7665
4.7691
4.7717
4.7743
4.7769
4.7795
4.7821
4.7847
4.7873
4.7899
4.7925
4.7951
4.7977
4.8003
4.8028
4.8054
4.8080
4.8106
4.8132
4.8158
4.8184
4.8210
4.8236
4.8262
4.8288
4.8314
4.8340
4.8366
4.8392
4.8418
4.8444
4.8470
4.8495
4.8521
4.8547
4.8573
4.8599
4.8625
4.8651
4.8677
4.8703
4.8729
4.8755
4.8781
4.8807
4.8833
4.8859
4.8885
4.8911
4.8937
4.8962
4.8988
4.9014
4.9040
4.9066
4.9092
4.9118
4.9144
4.9170
4.9196
4.9222
4.9248
4.9248
4.9274
4.9300
4.9326
4.9352
4.9378
4.9403
4.9429
4.9455
4.9481
4.9507
4.9533
4.9559
4.9585
4.9611
4.9637
4.9663
4.9689
4.9715
4.9741
4.9767
4.9793
4.9819
4.9845
4.9870
4.9896
4.9922
4.9948
4.9974
5.0000
5.0026
5.0052
5.0078
5.0104
5.0130
5.0156
5.0182
5.0208
5.0234
5.0260
5.0286
5.0312
5.0337
5.0363
5.0389
5.0415
5.0441
5.0467
5.0493
5.0519
5.0545
5.0571
5.0597
5.0623
5.0649
5.0675
5.0701
5.0727
5.0753
5.0778
5.0804
5.0830
5.0856
5.0882
5.0908
5.0934
5.0960
5.0986
5.1012
5.1038
5.1064
5.1090
5.1116
5.1142
5.1168
5.1194
5.1220
5.1245
5.1271
5.1297
5.1323
5.1349
5.1375
5.1401
5.1427
5.1453
5.1479
5.1505
5.1531
5.1557
5.1583
5.1609
5.1635
5.1661
5.1687
5.1712
5.1738
5.1764
5.1790
5.1816
5.1842
5.1842
5.1868
5.1894
5.1920
5.1946
5.1972
5.1998
5.2024
5.2050
5.2076
5.2102
5.2128
5.2153
5.2179
5.2205
5.2231
5.2257
5.2283
5.2309
5.2335
5.2361
5.2387
5.2413
5.2439
5.2465
5.2491
5.2517
5.2543
5.2569
5.2595
5.2620
5.2646
5.2672
5.2698
5.2724
5.2750
5.2776
5.2802
5.2828
5.2854
5.2880
5.2906
5.2932
5.2958
5.2984
5.3010
5.3036
5.3061
5.3087
5.3113
5.3139
5.3165
5.3191
5.3217
5.3243
5.3269
5.3295
5.3321
5.3347
5.3373
5.3399
5.3425
5.3451
5.3477
5.3503
5.3528
5.3554
5.3580
5.3606
5.3632
5.3658
5.3684
5.3710
5.3736
5.3762
5.3788
5.3814
5.3840
5.3866
5.3892
5.3918
5.3944
5.3970
5.3995
5.4021
5.4047
5.4073
5.4099
5.4125
5.4151
5.4177
5.4203
5.4229
5.4255
5.4281
5.4307
5.4333
5.4359
5.4385
5.4411
5.4436
5.4436
5.4462
5.4488
5.4514
5.4540
5.4566
5.4591
5.4617
5.4643
5.4668
5.4693
5.4718
5.4743
5.4768
5.4793
5.4818
5.4842
5.4867
5.4891
5.4915
5.4938
5.4962
5.4985
5.5008
5.5031
5.5054
5.5076
5.5099
5.5120
5.5142
5.5163
5.5185
5.5205
5.5226
5.5246
5.5266
5.5286
5.5305
5.5324
5.5342
5.5361
5.5379
5.5396
5.5413
5.5430
5.5430
5.5447
5.5463
5.5480
5.5496
5.5513
5.5529
5.5546
5.5562
5.5579
5.5595
5.5612
5.5628
5.5645
5.5661
5.5677
5.5694
5.5710
5.5727
5.5743
5.5760
5.5776
5.5793
5.5809
5.5826
5.5842
5.5859
5.5875
5.5892
5.5908
5.5925
5.5941
5.5958
5.5974
5.5991
5.6007
5.6023
5.6040
5.6056
5.6073
5.6089
5.6106
5.6122
5.6139
5.6155
5.6172
5.6188
5.6205
5.6221
5.6238
5.6254
5.6271
5.6287
5.6304
5.6320
5.6337
5.6353
5.6370
5.6386
5.6402
5.6419
5.6435
5.6452
5.6468
5.6485
5.6501
5.6518
5.6534
5.6551
5.6567
5.6584
5.6600
5.6617
5.6633
5.6650
5.6666
5.6683
5.6699
5.6716
5.6732
5.6748
5.6765
5.6781
5.6798
5.6814
5.6831
5.6847
5.6864
5.6880
5.6897
5.6913
5.6930
5.6946
5.6963
5.6979
5.6996
5.7012
5.7029
5.7045
5.7062
5.7078
5.7078
5.7095
5.7111
5.7129
5.7146
5.7164
5.7182
5.7201
5.7220
5.7239
5.7259
5.7279
5.7299
5.7319
5.7340
5.7361
5.7383
5.7404
5.7426
5.7448
5.7471
5.7494
5.7516
5.7540
5.7563
5.7586
5.7610
5.7634
5.7658
5.7683
5.7707
5.7732
5.7756
5.7781
5.7806
5.7832
5.7857
5.7882
5.7908
5.7933
5.7959
5.7985
5.8011
5.8036
5.8062
5.8062
5.8088
5.8114
5.8140
5.8166
5.8192
5.8217
5.8243
5.8268
5.8294
5.8319
5.8344
5.8369
5.8394
5.8419
5.8444
5.8468
5.8492
5.8517
5.8540
5.8564
5.8588
5.8611
5.8634
5.8657
5.8680
5.8702
5.8724
5.8746
5.8768
5.8789
5.8810
5.8831
5.8852
5.8872
5.8892
5.8911
5.8931
5.8950
5.8968
5.8987
5.9005
5.9022
5.9039
5.9056
5.9056
5.9073
5.9089
5.9106
5.9122
5.9139
5.9155
5.9172
5.9188
5.9204
5.9221
5.9237
5.9254
5.9270
5.9287
5.9303
5.9320
5.9336
5.9353
5.9369
5.9386
5.9402
5.9419
5.9435
5.9452
5.9468
5.9485
5.9501
5.9518
5.9534
5.9551
5.9567
5.9583
5.9600
5.9616
5.9633
5.9649
5.9666
5.9682
5.9699
5.9715
5.9732
5.9748
5.9765
5.9781
5.9798
5.9814
5.9831
5.9847
5.9864
5.9880
5.9897
5.9913
5.9929
5.9946
5.9962
5.9979
5.9995
6.0012
6.0028
6.0045
6.0061
6.0078
6.0094
6.0111
6.0127
6.0144
6.0160
6.0177
6.0193
6.0210
6.0226
6.0243
6.0259
6.0276
6.0292
6.0308
6.0325
6.0341
6.0358
6.0374
6.0391
6.0407
6.0424
6.0440
6.0457
6.0473
6.0490
6.0506
6.0523
6.0539
6.0556
6.0572
6.0589
6.0605
6.0622
6.0638
6.0654
6.0671
6.0687
6.0704
6.0704
6.0720
6.0737
6.0754
6.0772
6.0790
6.0808
6.0827
6.0846
6.0865
6.0885
6.0905
6.0925
6.0945
6.0966
6.0987
6.1009
6.1030
6.1052
6.1074
6.1097
6.1119
6.1142
6.1165
6.1189
6.1212
6.1236
6.1260
6.1284
6.1308
6.1333
6.1358
6.1382
6.1407
6.1432
6.1457
6.1483
6.1508
6.1534
6.1559
6.1585
6.1611
6.1636
6.1662
6.1688
6.1688
6.1714
6.1740
6.1766
6.1792
6.1818
6.1844
6.1870
6.1896
6.1922
6.1948
6.1974
6.1999
6.2025
6.2051
6.2076
6.2102
6.2127
6.2152
6.2177
6.2202
6.2227
6.2252
6.2276
6.2300
6.2324
6.2348
6.2372
6.2396
6.2419
6.2442
6.2465
6.2488
6.2510
6.2533
6.2554
6.2576
6.2598
6.2619
6.2640
6.2660
6.2680
6.2700
6.2720
6.2739
6.2739
6.2758
6.2777
6.2796
6.2815
6.2834
6.2853
6.2872
6.2891
6.2910
6.2929
6.2948
6.2967
6.2986
6.3005
6.3024
6.3043
6.3062
6.3081
6.3100
6.3119
6.3138
6.3157
6.3176
6.3195
6.3214
6.3233
6.3252
6.3271
6.3290
6.3309
6.3328
6.3347
6.3366
6.3385
6.3404
6.3423
6.3441
6.3460
6.3479
6.3498
6.3517
6.3536
6.3555
6.3574
6.3593
6.3612
6.3631
6.3650
6.3669
6.3688
6.3707
6.3726
6.3745
6.3764
6.3783
6.3802
6.3821
6.3840
6.3859
6.3878
6.3897
6.3916
6.3935
6.3954
6.3973
6.3992
6.4011
6.4030
6.4049
6.4068
6.4087
6.4106
6.4125
6.4144
6.4163
6.4182
6.4201
6.4220
6.4239
6.4258
6.4277
6.4296
6.4315
6.4334
6.4353
6.4372
6.4391
6.4410
6.4429
6.4448
6.4466
6.4485
6.4504
6.4523
6.4542
6.4561
6.4580
6.4599
6.4618
6.4637
6.4637
6.4656
6.4675
6.4694
6.4713
6.4732
6.4751
6.4770
6.4789
6.4808
6.4827
6.4846
6.4865
6.4884
6.4903
6.4922
6.4941
6.4960
6.4979
6.4998
6.5017
6.5036
6.5055
6.5074
6.5093
6.5112
6.5131
6.5150
6.5169
6.5188
6.5207
6.5226
6.5245
6.5264
6.5283
6.5302
6.5321
6.5340
6.5359
6.5378
6.5397
6.5416
6.5435
6.5454
6.5473
6.5491
6.5510
6.5529
6.5548
6.5567
6.5586
6.5605
6.5624
6.5643
6.5662
6.5681
6.5700
6.5719
6.5738
6.5757
6.5776
6.5795
6.5814
6.5833
6.5852
6.5871
6.5890
6.5909
6.5928
6.5947
6.5966
6.5985
6.6004
6.6023
6.6042
6.6061
6.6080
6.6099
6.6118
6.6137
6.6156
6.6175
6.6194
6.6213
6.6232
6.6251
6.6270
6.6289
6.6308
6.6327
6.6346
6.6365
6.6384
6.6403
6.6422
6.6441
6.6460
6.6479
6.6497
6.6516
6.6535
6.6535
6.6554
6.6573
6.6592
6.6611
6.6630
6.6649
6.6668
6.6687
6.6706
6.6725
6.6744
6.6763
6.6782
6.6801
6.6820
6.6839
6.6858
6.6877
6.6896
6.6915
6.6934
6.6953
6.6972
6.6991
6.7010
6.7029
6.7048
6.7067
6.7086
6.7105
6.7124
6.7143
6.7162
6.7181
6.7200
6.7219
6.7238
6.7257
6.7276
6.7295
6.7314
6.7333
6.7352
6.7371
6.7390
6.7409
6.7428
6.7447
6.7466
6.7485
6.7504
6.7522
6.7541
6.7560
6.7579
6.7598
6.7617
6.7636
6.7655
6.7674
6.7693
6.7712
6.7731
6.7750
6.7769
6.7788
6.7807
6.7826
6.7845
6.7864
6.7883
6.7902
6.7921
6.7940
6.7959
6.7978
6.7997
6.8016
6.8035
6.8054
6.8073
6.8092
6.8111
6.8130
6.8149
6.8168
6.8187
6.8206
6.8225
6.8244
6.8263
6.8282
6.8301
6.8320
6.8339
6.8358
6.8377
6.8396
6.8415
6.8434
6.8434
6.8453
6.8472
6.8491
6.8510
6.8529
6.8547
6.8566
6.8585
6.8604
6.8623
6.8642
6.8661
6.8680
6.8699
6.8718
6.8737
6.8756
6.8775
6.8794
6.8813
6.8832
6.8851
6.8870
6.8889
6.8908
6.8927
6.8946
6.8965
6.8984
6.9003
6.9022
6.9041
6.9060
6.9079
6.9098
6.9117
6.9136
6.9155
6.9174
6.9193
6.9212
6.9231
6.9250
6.9269
6.9288
6.9307
6.9326
6.9345
6.9364
6.9383
6.9402
6.9421
6.9440
6.9459
6.9478
6.9497
6.9516
6.9535
6.9554
6.9572
6.9591
6.9610
6.9629
6.9648
6.9667
6.9686
6.9705
6.9724
6.9743
6.9762
6.9781
6.9800
6.9819
6.9838
6.9857
6.9876
6.9895
6.9914
6.9933
6.9952
6.9971
6.9990
7.0009
7.0028
7.0047
7.0066
7.0085
7.0104
7.0123
7.0142
7.0161
7.0180
7.0199
7.0218
7.0237
7.0256
7.0275
7.0294
7.0313
7.0332
7.0332
7.0351
7.0370
7.0389
7.0408
7.0427
7.0446
7.0465
7.0484
7.0503
7.0522
7.0541
7.0560
7.0578
7.0597
7.0616
7.0635
7.0654
7.0673
7.0692
7.0711
7.0730
7.0749
7.0768
7.0787
7.0806
7.0825
7.0844
7.0863
7.0882
7.0901
7.0920
7.0939
7.0958
7.0977
7.0996
7.1015
7.1034
7.1053
7.1072
7.1091
7.1110
7.1129
7.1148
7.1167
7.1186
7.1205
7.1224
7.1243
7.1262
7.1281
7.1300
7.1319
7.1338
7.1357
7.1376
7.1395
7.1414
7.1433
7.1452
7.1471
7.1490
7.1509
7.1528
7.1547
7.1566
7.1585
7.1603
7.1622
7.1641
7.1660
7.1679
7.1698
7.1717
7.1736
7.1755
7.1774
7.1793
7.1812
7.1831
7.1850
7.1869
7.1888
7.1907
7.1926
7.1945
7.1964
7.1983
7.2002
7.2021
7.2040
7.2059
7.2078
7.2097
7.2116
7.2135
7.2154
7.2173
7.2192
7.2211
7.2230
7.2230
7.2249
7.2268
7.2287
7.2306
7.2325
7.2344
7.2363
7.2382
7.2401
7.2420
7.2439
7.2458
7.2477
7.2496
7.2515
7.2534
7.2553
7.2572
7.2591
7.2610
7.2628
7.2647
7.2666
7.2685
7.2704
7.2723
7.2742
7.2761
7.2780
7.2799
7.2818
7.2837
7.2856
7.2875
7.2894
7.2913
7.2932
7.2951
7.2970
7.2989
7.3008
7.3027
7.3046
7.3065
7.3084
7.3103
7.3122
7.3141
7.3160
7.3179
7.3198
7.3217
7.3236
7.3255
7.3274
7.3293
7.3312
7.3331
7.3350
7.3369
7.3388
7.3407
7.3426
7.3445
7.3464
7.3483
7.3502
7.3521
7.3540
7.3559
7.3578
7.3597
7.3616
7.3634
7.3653
7.3672
7.3691
7.3710
7.3729
7.3748
7.3767
7.3786
7.3805
7.3824
7.3843
7.3862
7.3881
7.3900
7.3919
7.3938
7.3957
7.3976
7.3995
7.4014
7.4033
7.4052
7.4071
7.4090
7.4109
7.4128
7.4128
7.4147
7.4166
7.4184
7.4202
7.4220
7.4237
7.4254
7.4270
7.4286
7.4302
7.4317
7.4332
7.4347
7.4361
7.4375
7.4388
7.4401
7.4414
7.4426
7.4437
7.4449
7.4459
7.4470
7.4480
7.4489
7.4498
7.4507
7.4515
7.4522
7.4530
7.4536
7.4543
7.4548
7.4554
7.4558
7.4563
7.4567
7.4570
7.4573
7.4575
7.4577
7.4579
7.4580
7.4580
7.4580
7.4580
7.4580
7.4579
7.4577
7.4575
7.4573
7.4570
7.4567
7.4563
7.4558
7.4554
7.4548
7.4543
7.4536
7.4530
7.4522
7.4515
7.4507
7.4498
7.4489
7.4480
7.4470
7.4459
7.4449
7.4437
7.4426
7.4414
7.4401
7.4388
7.4375
7.4361
7.4347
7.4332
7.4317
7.4302
7.4286
7.4270
7.4254
7.4237
7.4220
7.4202
7.4184
7.4166
7.4147
7.4147
7.4128
7.4109
7.4090
7.4071
7.4052
7.4033
7.4014
7.3995
7.3976
7.3957
7.3938
7.3919
7.3900
7.3881
7.3862
7.3843
7.3824
7.3805
7.3786
7.3767
7.3748
7.3729
7.3710
7.3691
7.3672
7.3653
7.3634
7.3616
7.3597
7.3578
7.3559
7.3540
7.3521
7.3502
7.3483
7.3464
7.3445
7.3426
7.3407
7.3388
7.3369
7.3350
7.3331
7.3312
7.3293
7.3274
7.3255
7.3236
7.3217
7.3198
7.3179
7.3160
7.3141
7.3122
7.3103
7.3084
7.3065
7.3046
7.3027
7.3008
7.2989
7.2970
7.2951
7.2932
7.2913
7.2894
7.2875
7.2856
7.2837
7.2818
7.2799
7.2780
7.2761
7.2742
7.2723
7.2704
7.2685
7.2666
7.2647
7.2628
7.2610
7.2591
7.2572
7.2553
7.2534
7.2515
7.2496
7.2477
7.2458
7.2439
7.2420
7.2401
7.2382
7.2363
7.2344
7.2325
7.2306
7.2287
7.2268
7.2249
7.2249
7.2230
7.2211
7.2193
7.2175
7.2157
7.2140
7.2123
7.2107
7.2091
7.2075
7.2059
7.2044
7.2030
7.2016
7.2002
7.1989
7.1976
7.1963
7.1951
7.1939
7.1928
7.1917
7.1907
7.1897
7.1888
7.1879
7.1870
7.1862
7.1854
7.1847
7.1841
7.1834
7.1829
7.1823
7.1819
7.1814
7.1810
7.1807
7.1804
7.1802
7.1800
7.1798
7.1797
7.1797
7.1797
7.1797
7.1797
7.1797
7.1797
7.1797
7.1797
7.1797
7.1797
7.1797
7.1797
7.1797
7.1797
7.1797
7.1797
7.1797
7.1797
7.1797
7.1797
7.1797
7.1797
7.1797
7.1797
7.1797
7.1797
7.1797
7.1797
7.1797
7.1797
7.1797
7.1797
7.1797
7.1797
7.1797
7.1797
7.1797
7.1797
7.1797
7.1797
7.1797
7.1797
7.1797
7.1797
7.1797
7.1797
7.1797
7.1797
7.1797
7.1797
7.1797
7.1797
7.1797
7.1797
7.1797
7.1797
7.1797
7.1797
7.1797
7.1797
7.1797
7.1797
7.1797
7.1797
7.1797
7.1797
7.1797
7.1797
7.1797
7.1797
7.1797
7.1797
7.1797
7.1797
7.1797
7.1797
7.1797
7.1797
7.1797
7.1797
7.1797
7.1797
7.1797
7.1797
7.1797
7.1797
7.1797
7.1797
7.1797
7.1797
7.1797
7.1797
7.1797
7.1797
7.1797
7.1797
7.1797
7.1797
7.1797
7.1797
7.1797
7.1797
7.1797
7.1797
7.1797
7.1797
7.1797
7.1797
7.1797
7.1797
7.1797
7.1797
7.1797
7.1797
7.1797
7.1797
7.1797
7.1797
7.1797
7.1797
7.1797
7.1797
7.1797
7.1797
7.1797
7.1797
7.1797
7.1797
7.1797
7.1797
7.1797
7.1797
7.1797
7.1797
7.1797
7.1797
7.1797
7.1797
7.1797
7.1797
7.1797
7.1797
7.1797
7.1797
7.1797
7.1797
7.1797
7.1797
7.1797
7.1797
7.1797
7.1797
7.1797
7.1797
7.1797
7.1797
7.1797
7.1797
7.1797
7.1797
7.1797
7.1797
7.1797
7.1797
7.1797
7.1797
7.1797
7.1797
7.1797
7.1797
7.1797
7.1797
7.1797
7.1797
7.1797
7.1797
7.1797
7.1797
7.1797
7.1797
7.1797
7.1797
7.1797
7.1797
7.1797
7.1797
7.1797
7.1797
7.1797
7.1797
7.1797
7.1797
7.1797
7.1797
7.1797
7.1797
7.1797
7.1797
7.1797
7.1797
7.1797
7.1797
7.1797
7.1797
7.1797
7.1797
7.1797
7.1797
7.1797
7.1797
7.1797
7.1797
7.1797
7.1797
7.1797
7.1797
7.1797
7.1797
7.1797
7.1797
7.1797
7.1797
7.1797
7.1797
7.1797
7.1797
7.1797
7.1797
7.1797
7.1797
7.1797
7.1797
7.1797
7.1797
7.1797
7.1797
7.1797
7.1797
7.1797
7.1797
7.1797
7.1797
7.1797
7.1797
7.1797
7.1797
7.1797
7.1797
7.1797
7.1797
7.1797
7.1797
7.1797
7.1797
7.1797
7.1797
7.1797
7.1797
7.1797
7.1797
7.1797
7.1797
7.1797
7.1797
7.1797
7.1797
7.1797
7.1797
7.1797
7.1797
7.1797
7.1797
7.1797
7.1797
7.1797
7.1797
7.1797
7.1797
7.1797
7.1797
7.1797
7.1797
7.1797
7.1797
7.1797
7.1797
7.1797
7.1797
7.1797
7.1797
7.1797
7.1797
7.1797
7.1797
7.1797
7.1797
7.1797
7.1797
7.1797
7.1797
7.1797
7.1797
7.1797
7.1797
7.1797
7.1797
7.1797
7.1798
7.1800
7.1802
7.1804
7.1807
7.1810
7.1814
7.1819
7.1823
7.1829
7.1834
7.1841
7.1847
7.1854
7.1862
7.1870
7.1879
7.1888
7.1897
7.1907
7.1917
7.1928
7.1939
7.1951
7.1963
7.1976
7.1989
7.2002
7.2016
7.2030
7.2044
7.2059
7.2075
7.2091
7.2107
7.2123
7.2140
7.2157
7.2175
7.2193
7.2211
7.2230
7.2230
7.2249
7.2268
7.2286
7.2304
7.2321
7.2339
7.2356
7.2372
7.2388
7.2404
7.2419
7.2434
7.2449
7.2463
7.2477
7.2490
7.2503
7.2516
7.2528
7.2539
7.2551
7.2561
7.2572
7.2582
7.2591
7.2600
7.2609
7.2617
7.2624
7.2631
7.2638
7.2644
7.2650
7.2655
7.2660
7.2665
7.2668
7.2672
7.2675
7.2677
7.2679
7.2680
7.2681
7.2682
7.2682
7.2682
7.2681
7.2680
7.2679
7.2677
7.2675
7.2672
7.2668
7.2665
7.2660
7.2655
7.2650
7.2644
7.2638
7.2631
7.2624
7.2617
7.2609
7.2600
7.2591
7.2582
7.2572
7.2561
7.2551
7.2539
7.2528
7.2516
7.2503
7.2490
7.2477
7.2463
7.2449
7.2434
7.2419
7.2404
7.2388
7.2372
7.2356
7.2339
7.2321
7.2304
7.2286
7.2268
7.2249
7.2249
7.2230
7.2211
7.2193
7.2175
7.2157
7.2140
7.2123
7.2107
7.2091
7.2075
7.2059
7.2044
7.2030
7.2016
7.2002
7.1989
7.1976
7.1963
7.1951
7.1939
7.1928
7.1917
7.1907
7.1897
7.1888
7.1879
7.1870
7.1862
7.1854
7.1847
7.1841
7.1834
7.1829
7.1823
7.1819
7.1814
7.1810
7.1807
7.1804
7.1802
7.1800
7.1798
7.1797
7.1797
7.1797
7.1797
7.1797
7.1798
7.1800
7.1802
7.1804
7.1807
7.1810
7.1814
7.1819
7.1823
7.1829
7.1834
7.1841
7.1847
7.1854
7.1862
7.1870
7.1879
7.1888
7.1897
7.1907
7.1917
7.1928
7.1939
7.1951
7.1963
7.1976
7.1989
7.2002
7.2016
7.2030
7.2044
7.2059
7.2075
7.2091
7.2107
7.2123
7.2140
7.2157
7.2175
7.2193
7.2211
7.2230
7.2230
7.2249
7.2268
7.2288
7.2308
7.2328
7.2349
7.2369
7.2391
7.2412
7.2434
7.2456
7.2478
7.2500
7.2523
7.2546
7.2569
7.2592
7.2616
7.2640
7.2664
7.2688
7.2712
7.2736
7.2761
7.2786
7.2811
7.2836
7.2861
7.2886
7.2912
7.2937
7.2963
7.2989
7.3014
7.3040
7.3066
7.3092
7.3118
7.3144
7.3170
7.3196
7.3222
7.3248
7.3274
7.3274
7.3300
7.3326
7.3352
7.3378
7.3404
7.3429
7.3455
7.3481
7.3507
7.3533
7.3559
7.3585
7.3611
7.3637
7.3663
7.3689
7.3715
7.3741
7.3767
7.3793
7.3819
7.3845
7.3871
7.3896
7.3922
7.3948
7.3974
7.4000
7.4026
7.4052
7.4078
7.4104
7.4130
7.4156
7.4182
7.4208
7.4234
7.4260
7.4286
7.4312
7.4338
7.4363
7.4389
7.4415
7.4441
7.4467
7.4493
7.4519
7.4545
7.4571
7.4597
7.4623
7.4649
7.4675
7.4701
7.4727
7.4753
7.4779
7.4804
7.4830
7.4856
7.4882
7.4908
7.4934
7.4960
7.4986
7.5012
7.5038
7.5064
7.5090
7.5116
7.5142
7.5168
7.5194
7.5220
7.5246
7.5271
7.5297
7.5323
7.5349
7.5375
7.5401
7.5427
7.5453
7.5479
7.5505
7.5531
7.5557
7.5583
7.5609
7.5635
7.5661
7.5687
7.5713
7.5738
7.5764
7.5790
7.5816
7.5842
7.5868
7.5868
7.5894
7.5920
7.5946
7.5972
7.5998
7.6024
7.6050
7.6076
7.6102
7.6128
7.6154
7.6179
7.6205
7.6231
7.6257
7.6283
7.6309
7.6335
7.6361
7.6387
7.6413
7.6439
7.6465
7.6491
7.6517
7.6543
7.6569
7.6595
7.6621
7.6646
7.6672
7.6698
7.6724
7.6750
7.6776
7.6802
7.6828
7.6854
7.6880
7.6906
7.6932
7.6958
7.6984
7.7010
7.7036
7.7062
7.7088
7.7113
7.7139
7.7165
7.7191
7.7217
7.7243
7.7269
7.7295
7.7321
7.7347
7.7373
7.7399
7.7425
7.7451
7.7477
7.7503
7.7529
7.7554
7.7580
7.7606
7.7632
7.7658
7.7684
7.7710
7.7736
7.7762
7.7788
7.7814
7.7840
7.7866
7.7892
7.7918
7.7944
7.7970
7.7996
7.8021
7.8047
7.8073
7.8099
7.8125
7.8151
7.8177
7.8203
7.8229
7.8255
7.8281
7.8307
7.8333
7.8359
7.8385
7.8411
7.8437
7.8463
7.8463
7.8488
7.8514
7.8540
7.8566
7.8592
7.8618
7.8644
7.8670
7.8696
7.8722
7.8748
7.8774
7.8799
7.8825
7.8850
7.8876
7.8901
7.8926
7.8951
7.8976
7.9001
7.9026
7.9050
7.9075
7.9099
7.9123
7.9146
7.9170
7.9193
7.9217
7.9239
7.9262
7.9285
7.9307
7.9329
7.9350
7.9372
7.9393
7.9414
7.9434
7.9455
7.9475
7.9494
7.9513
7.9513
7.9532
7.9551
7.9569
7.9587
7.9605
7.9622
7.9639
7.9656
7.9672
7.9687
7.9703
7.9718
7.9732
7.9747
7.9760
7.9774
7.9787
7.9799
7.9811
7.9823
7.9834
7.9845
7.9855
7.9865
7.9875
7.9884
7.9892
7.9900
7.9908
7.9915
7.9922
7.9928
7.9934
7.9939
7.9944
7.9948
7.9952
7.9955
7.9958
7.9961
7.9963
7.9964
7.9965
7.9965
7.9965
7.9965
7.9965
7.9965
7.9965
7.9965
7.9965
7.9965
7.9965
7.9965
7.9965
7.9965
7.9965
7.9965
7.9965
7.9965
7.9965
7.9965
7.9965
7.9965
7.9965
7.9965
7.9965
7.9965
7.9965
7.9965
7.9965
7.9965
7.9965
7.9965
7.9965
7.9965
7.9965
7.9965
7.9965
7.9965
7.9965
7.9965
7.9965
7.9965
7.9965
7.9965
7.9965
7.9965
7.9965
7.9965
7.9965
7.9965
7.9965
7.9965
7.9965
7.9965
7.9965
7.9965
7.9965
7.9965
7.9965
7.9965
7.9965
7.9965
7.9965
7.9965
7.9965
7.9965
7.9965
7.9965
7.9965
7.9965
7.9965
7.9965
7.9965
7.9965
7.9965
7.9965
7.9965
7.9965
7.9965
7.9965
7.9965
7.9965
7.9965
7.9965
7.9965
7.9965
7.9965
7.9965
7.9965
7.9965
7.9965
7.9965
7.9965
7.9965
7.9965
7.9965
7.9965
7.9965
7.9965
7.9965
7.9965
7.9965
7.9965
7.9965
7.9965
7.9965
7.9965
7.9965
7.9965
7.9965
7.9965
7.9965
7.9965
7.9965
7.9965
7.9965
7.9965
7.9965
7.9965
7.9965
7.9965
7.9965
7.9965
7.9965
7.9965
7.9965
7.9965
7.9965
7.9965
7.9965
7.9965
7.9965
7.9965
7.9965
7.9965
7.9965
7.9965
7.9965
7.9965
7.9965
7.9965
7.9965
7.9965
7.9965
7.9965
7.9965
7.9965
7.9965
7.9965
7.9965
7.9965
7.9965
7.9965
7.9965
7.9965
7.9965
7.9965
7.9965
7.9965
7.9965
7.9965
7.9965
7.9965
7.9965
7.9965
7.9965
7.9965
7.9965
7.9965
7.9965
7.9965
7.9965
7.9965
7.9965
7.9965
7.9965
7.9965
7.9965
7.9965
7.9965
7.9965
7.9965
7.9965
7.9965
7.9965
7.9965
7.9965
7.9965
7.9965
7.9965
7.9965
7.9965
7.9965
7.9965
7.9965
7.9965
7.9965
7.9965
7.9965
7.9965
7.9965
7.9965
7.9965
7.9965
7.9965
7.9965
7.9965
7.9964
7.9963
7.9961
7.9958
7.9955
7.9952
7.9948
7.9944
7.9939
7.9934
7.9928
7.9922
7.9915
7.9908
7.9900
7.9892
7.9884
7.9875
7.9865
7.9855
7.9845
7.9834
7.9823
7.9811
7.9799
7.9787
7.9774
7.9760
7.9747
7.9732
7.9718
7.9703
7.9687
7.9672
7.9656
7.9639
7.9622
7.9605
7.9587
7.9569
7.9551
7.9532
7.9532
7.9513
7.9495
7.9476
7.9459
7.9441
7.9424
7.9407
7.9390
7.9374
7.9358
7.9343
7.9328
7.9313
7.9299
7.9286
7.9272
7.9259
7.9247
7.9235
7.9223
7.9212
7.9201
7.9191
7.9181
7.9171
7.9162
7.9154
7.9146
7.9138
7.9131
7.9124
7.9118
7.9112
7.9107
7.9102
7.9098
7.9094
7.9091
7.9088
7.9085
7.9083
7.9082
7.9081
7.9080
7.9080
7.9080
7.9081
7.9082
7.9083
7.9085
7.9088
7.9091
7.9094
7.9098
7.9102
7.9107
7.9112
7.9118
7.9124
7.9131
7.9138
7.9146
7.9154
7.9162
7.9171
7.9181
7.9191
7.9201
7.9212
7.9223
7.9235
7.9247
7.9259
7.9272
7.9286
7.9299
7.9313
7.9328
7.9343
7.9358
7.9374
7.9390
7.9407
7.9424
7.9441
7.9459
7.9476
7.9495
7.9513
7.9513
7.9532
7.9551
7.9570
7.9589
7.9608
7.9627
7.9646
7.9665
7.9684
7.9703
7.9722
7.9741
7.9760
7.9779
7.9798
7.9817
7.9836
7.9855
7.9874
7.9893
7.9912
7.9931
7.9950
7.9969
7.9988
8.0007
8.0026
8.0045
8.0064
8.0083
8.0102
8.0121
8.0140
8.0159
8.0178
8.0197
8.0216
8.0235
8.0254
8.0273
8.0292
8.0311
8.0330
8.0349
8.0368
8.0387
8.0406
8.0425
8.0444
8.0463
8.0481
8.0500
8.0519
8.0538
8.0557
8.0576
8.0595
8.0614
8.0633
8.0652
8.0671
8.0690
8.0709
8.0728
8.0747
8.0766
8.0785
8.0804
8.0823
8.0842
8.0861
8.0880
8.0899
8.0918
8.0937
8.0956
8.0975
8.0994
8.1013
8.1032
8.1051
8.1070
8.1089
8.1108
8.1127
8.1146
8.1165
8.1184
8.1203
8.1222
8.1241
8.1260
8.1279
8.1298
8.1317
8.1336
8.1355
8.1374
8.1393
8.1412
8.1412
8.1431
8.1450
8.1469
8.1489
8.1510
8.1530
8.1551
8.1572
8.1594
8.1615
8.1637
8.1659
8.1682
8.1705
8.1727
8.1751
8.1774
8.1798
8.1821
8.1845
8.1869
8.1894
8.1918
8.1943
8.1968
8.1993
8.2018
8.2043
8.2068
8.2094
8.2119
8.2145
8.2170
8.2196
8.2222
8.2248
8.2274
8.2300
8.2326
8.2352
8.2378
8.2404
8.2430
8.2456
8.2456
8.2481
8.2507
8.2533
8.2559
8.2585
8.2611
8.2637
8.2663
8.2689
8.2715
8.2741
8.2767
8.2793
8.2819
8.2845
8.2871
8.2897
8.2923
8.2948
8.2974
8.3000
8.3026
8.3052
8.3078
8.3104
8.3130
8.3156
8.3182
8.3208
8.3234
8.3260
8.3286
8.3312
8.3338
8.3364
8.3390
8.3415
8.3441
8.3467
8.3493
8.3519
8.3545
8.3571
8.3597
8.3623
8.3649
8.3675
8.3701
8.3727
8.3753
8.3779
8.3805
8.3831
8.3856
8.3882
8.3908
8.3934
8.3960
8.3986
8.4012
8.4038
8.4064
8.4090
8.4116
8.4142
8.4168
8.4194
8.4220
8.4246
8.4272
8.4298
8.4323
8.4349
8.4375
8.4401
8.4427
8.4453
8.4479
8.4505
8.4531
8.4557
8.4583
8.4609
8.4635
8.4661
8.4687
8.4713
8.4739
8.4765
8.4790
8.4816
8.4842
8.4868
8.4894
8.4920
8.4946
8.4972
8.4998
8.5024
8.5050
8.5050
8.5076
8.5102
8.5128
8.5154
8.5180
8.5206
8.5232
8.5258
8.5284
8.5309
8.5335
8.5361
8.5387
8.5412
8.5438
8.5463
8.5489
8.5514
8.5539
8.5564
8.5589
8.5613
8.5638
8.5662
8.5686
8.5710
8.5734
8.5757
8.5781
8.5804
8.5827
8.5849
8.5872
8.5894
8.5916
8.5938
8.5959
8.5980
8.6001
8.6022
8.6042
8.6062
8.6081
8.6101
8.6101
8.6120
8.6139
8.6158
8.6177
8.6196
8.6215
8.6234
8.6253
8.6272
8.6291
8.6310
8.6329
8.6348
8.6367
8.6386
8.6405
8.6423
8.6442
8.6461
8.6480
8.6499
8.6518
8.6537
8.6556
8.6575
8.6594
8.6613
8.6632
8.6651
8.6670
8.6689
8.6708
8.6727
8.6746
8.6765
8.6784
8.6803
8.6822
8.6841
8.6860
8.6879
8.6898
8.6917
8.6936
8.6955
8.6974
8.6993
8.7012
8.7031
8.7050
8.7069
8.7088
8.7107
8.7126
8.7145
8.7164
8.7183
8.7202
8.7221
8.7240
8.7259
8.7278
8.7297
8.7316
8.7335
8.7354
8.7373
8.7392
8.7411
8.7429
8.7448
8.7467
8.7486
8.7505
8.7524
8.7543
8.7562
8.7581
8.7600
8.7619
8.7638
8.7657
8.7676
8.7695
8.7714
8.7733
8.7752
8.7771
8.7790
8.7809
8.7828
8.7847
8.7866
8.7885
8.7904
8.7923
8.7942
8.7961
8.7980
8.7999
8.7999
8.8018
8.8037
8.8055
8.8073
8.8090
8.8108
8.8125
8.8141
8.8157
8.8173
8.8188
8.8203
8.8218
8.8232
8.8246
8.8259
8.8272
8.8285
8.8297
8.8308
8.8320
8.8330
8.8341
8.8351
8.8360
8.8369
8.8378
8.8386
8.8393
8.8401
8.8407
8.8413
8.8419
8.8424
8.8429
8.8434
8.8437
8.8441
8.8444
8.8446
8.8448
8.8450
8.8451
8.8451
8.8451
8.8451
8.8451
8.8451
8.8451
8.8451
8.8451
8.8451
8.8451
8.8451
8.8451
8.8451
8.8451
8.8451
8.8451
8.8451
8.8451
8.8451
8.8451
8.8451
8.8451
8.8451
8.8451
8.8451
8.8451
8.8451
8.8451
8.8451
8.8451
8.8451
8.8451
8.8451
8.8451
8.8451
8.8451
8.8451
8.8451
8.8451
8.8451
8.8451
8.8451
8.8451
8.8451
8.8451
8.8451
8.8451
8.8451
8.8451
8.8451
8.8451
8.8451
8.8451
8.8451
8.8451
8.8451
8.8451
8.8451
8.8451
8.8451
8.8451
8.8451
8.8451
8.8451
8.8451
8.8451
8.8451
8.8451
8.8451
8.8451
8.8451
8.8451
8.8451
8.8451
8.8451
8.8451
8.8451
8.8451
8.8451
8.8451
8.8451
8.8451
8.8451
8.8451
8.8451
8.8451
8.8451
8.8451
8.8451
8.8451
8.8451
8.8451
8.8451
8.8451
8.8451
8.8451
8.8451
8.8451
8.8451
8.8451
8.8451
8.8451
8.8451
8.8451
8.8451
8.8451
8.8451
8.8451
8.8451
8.8451
8.8451
8.8451
8.8451
8.8451
8.8451
8.8451
8.8451
8.8451
8.8451
8.8451
8.8451
8.8451
8.8451
8.8451
8.8451
8.8451
8.8451
8.8451
8.8451
8.8451
8.8451
8.8451
8.8451
8.8451
8.8451
8.8451
8.8451
8.8451
8.8451
8.8451
8.8451
8.8451
8.8451
8.8451
8.8451
8.8451
8.8451
8.8451
8.8451
8.8451
8.8451
8.8451
8.8451
8.8451
8.8451
8.8451
8.8451
8.8451
8.8451
8.8451
8.8451
8.8451
8.8451
8.8451
8.8451
8.8451
8.8451
8.8451
8.8451
8.8451
8.8451
8.8451
8.8451
8.8451
8.8451
8.8451
8.8451
8.8451
8.8451
8.8451
8.8451
8.8451
8.8451
8.8451
8.8451
8.8451
8.8451
8.8451
8.8451
8.8451
8.8451
8.8451
8.8451
8.8451
8.8451
8.8451
8.8451
8.8451
8.8451
8.8451
8.8451
8.8451
8.8451
8.8451
8.8451
8.8451
8.8451
8.8451
8.8451
8.8451
8.8451
8.8451
8.8451
8.8451
8.8451
8.8451
8.8451
8.8451
8.8451
8.8451
8.8451
8.8451
8.8451
8.8451
8.8451
8.8451
8.8451
8.8451
8.8451
8.8451
8.8451
8.8451
8.8451
8.8451
8.8451
8.8451
8.8451
8.8451
8.8451
8.8451
8.8451
8.8451
8.8451
8.8451
8.8451
8.8451
8.8451
8.8451
8.8451
8.8451
8.8451
8.8451
8.8451
8.8451
8.8451
8.8451
8.8451
8.8451
8.8451
8.8451
8.8451
8.8451
8.8451
8.8451
8.8451
8.8451
8.8451
8.8451
8.8451
8.8451
8.8451
8.8451
8.8451
8.8451
8.8451
8.8451
8.8451
8.8451
8.8451
8.8451
8.8451
8.8451
8.8451
8.8451
8.8451
8.8451
8.8451
8.8451
8.8451
8.8451
8.8451
8.8451
8.8451
8.8451
8.8451
8.8451
8.8451
8.8451
8.8451
8.8451
8.8451
8.8451
8.8451
8.8451
8.8451
8.8451
8.8451
8.8451
8.8451
8.8451
8.8451
8.8451
8.8451
8.8451
8.8451
8.8451
8.8451
8.8451
8.8451
8.8451
8.8451
8.8451
8.8451
8.8451
8.8451
8.8451
8.8451
8.8451
8.8451
8.8451
8.8451
8.8451
8.8451
8.8451
8.8451
8.8451
8.8451
8.8451
8.8451
8.8451
8.8451
8.8451
8.8451
8.8451
8.8451
8.8451
8.8451
8.8451
8.8451
8.8451
8.8451
8.8451
8.8451
8.8451
8.8451
8.8451
8.8451
8.8451
8.8451
8.8451
8.8451
8.8451
8.8451
8.8451
8.8451
8.8451
8.8451
8.8451
8.8451
8.8451
8.8451
8.8451
8.8451
8.8451
8.8451
8.8451
8.8451
8.8451
8.8451
8.8451
8.8451
8.8451
8.8451
8.8451
8.8451
8.8451
8.8451
8.8451
8.8451
8.8451
8.8451
8.8451
8.8451
8.8451
8.8451
8.8451
8.8451
8.8451
8.8451
8.8451
8.8451
8.8451
8.8451
8.8451
8.8451
8.8451
8.8451
8.8451
8.8451
8.8451
8.8451
8.8451
8.8451
8.8451
8.8451
8.8451
8.8451
8.8451
8.8451
8.8451
8.8451
8.8451
8.8451
8.8451
8.8451
8.8451
8.8451
8.8451
8.8451
8.8451
8.8451
8.8451
8.8451
8.8451
8.8451
8.8451
8.8451
8.8451
8.8451
8.8451
8.8451
8.8451
8.8451
8.8451
8.8451
8.8451
8.8451
8.8451
8.8451
8.8451
8.8451
8.8451
8.8451
8.8451
8.8451
8.8451
8.8451
8.8451
8.8451
8.8451
8.8451
8.8451
8.8451
8.8451
8.8451
8.8451
8.8451
8.8451
8.8451
8.8451
8.8451
8.8451
8.8451
8.8451
8.8451
8.8451
8.8451
8.8451
8.8451
8.8451
8.8451
8.8451
8.8451
8.8451
8.8451
8.8451
8.8451
8.8451
8.8451
8.8451
8.8451
8.8451
8.8451
8.8451
8.8451
8.8451
8.8451
8.8451
8.8451
8.8451
8.8451
8.8451
8.8451
8.8451
8.8451
8.8451
8.8451
8.8451
8.8451
8.8452
8.8454
8.8456
8.8458
8.8461
8.8465
8.8468
8.8473
8.8478
8.8483
8.8489
8.8495
8.8501
8.8509
8.8516
8.8524
8.8533
8.8542
8.8551
8.8561
8.8572
8.8582
8.8594
8.8605
8.8617
8.8630
8.8643
8.8656
8.8670
8.8684
8.8699
8.8714
8.8729
8.8745
8.8761
8.8777
8.8794
8.8812
8.8829
8.8847
8.8865
8.8884
8.8884
8.8903
8.8922
8.8942
8.8962
8.8982
8.9003
8.9024
8.9045
8.9066
8.9088
8.9110
8.9132
8.9154
8.9177
8.9200
8.9223
8.9246
8.9270
8.9294
8.9318
8.9342
8.9366
8.9391
8.9415
8.9440
8.9465
8.9490
8.9515
8.9541
8.9566
8.9592
8.9617
8.9643
8.9669
8.9694
8.9720
8.9746
8.9772
8.9798
8.9824
8.9850
8.9876
8.9902
8.9928
8.9928
8.9932
8.9936
8.9940
8.9944
8.9948
8.9952
8.9956
8.9960
8.9964
8.9968
8.9972
8.9976
8.9980
8.9984
8.9988
8.9992
8.9996
9.0000
